-3.39816e-05	1.6075562077582683e-11
-3.39624e-05	-4.592304211556047e-12
-3.39432e-05	-1.1050548075218701e-11
-3.3923999999999996e-05	-2.4578270155066122e-12
-3.39048e-05	2.3066005951514058e-11
-3.388559999999999e-05	1.952352878725446e-11
-3.38664e-05	3.520438273368634e-12
-3.38472e-05	8.228863027102096e-12
-3.3828e-05	1.3970830330114731e-12
-3.3808799999999994e-05	6.319513867138069e-12
-3.37896e-05	-6.726068653770319e-12
-3.37704e-05	-2.3318194296677136e-11
-3.3751199999999996e-05	2.4586164712423925e-11
-3.3731999999999995e-05	1.9880880226610608e-11
-3.37128e-05	-8.389894556130433e-12
-3.36936e-05	-2.227704508056896e-11
-3.36744e-05	-5.884952753906972e-12
-3.3655199999999996e-05	-1.2305753899279447e-12
-3.3636e-05	-1.4828270813283014e-11
-3.361679999999999e-05	1.5496510653086852e-11
-3.35976e-05	3.390515587367566e-11
-3.3578400000000004e-05	2.1999415137268694e-11
-3.3559199999999995e-05	-1.7245795123987418e-11
-3.354e-05	2.0179548719518276e-11
-3.35208e-05	1.0734833070534165e-11
-3.3501600000000005e-05	3.532162931700615e-11
-3.3482399999999996e-05	-3.645975200439683e-11
-3.34632e-05	1.9015198347008034e-11
-3.3444e-05	5.203416700186927e-12
-3.34248e-05	-4.392393872801896e-12
-3.34056e-05	1.3314374458970876e-11
-3.33864e-05	-2.227479598102318e-12
-3.3367199999999995e-05	1.7142528528770076e-11
-3.3348e-05	1.8999948557292318e-11
-3.33288e-05	-1.660387179429696e-11
-3.3309600000000004e-05	-7.85197058895049e-12
-3.3290399999999996e-05	1.0641030739404316e-12
-3.32712e-05	-1.2067682119683394e-11
-3.3252e-05	-8.899647400668856e-12
-3.32328e-05	1.3490555371203994e-11
-3.3213599999999997e-05	3.01811522924767e-11
-3.31944e-05	1.3314028477921557e-11
-3.3175199999999994e-05	8.135126270391776e-12
-3.3156e-05	-2.9119558737537834e-12
-3.31368e-05	3.940460016383424e-13
-3.31176e-05	2.1311114722310676e-11
-3.3098399999999995e-05	-7.50383249181453e-12
-3.30792e-05	7.973829617568313e-12
-3.306e-05	-1.4181603156605785e-11
-3.30408e-05	-1.7141231439527835e-11
-3.3021599999999996e-05	-5.37986129640978e-12
-3.30024e-05	-3.921596260212021e-11
-3.298319999999999e-05	4.333308389092385e-11
-3.2964e-05	-7.415793393416864e-12
-3.29448e-05	3.1512755460332864e-11
-3.29256e-05	-5.809450770334902e-12
-3.2906399999999994e-05	-1.2457241253794334e-11
-3.28872e-05	1.7684421721941667e-11
-3.2868e-05	-7.362670730819402e-12
-3.2848799999999996e-05	-3.716258829969415e-12
-3.2829599999999995e-05	-6.187175141743821e-12
-3.28104e-05	-1.119324390248593e-11
-3.27912e-05	2.558187247681793e-12
-3.2772e-05	-1.9500495476076753e-11
-3.2752799999999996e-05	-1.5386206075255928e-11
-3.27336e-05	-2.098417432021969e-11
-3.271439999999999e-05	-4.572099164910009e-12
-3.26952e-05	-6.117672581718919e-12
-3.2676000000000004e-05	-1.070145803622192e-11
-3.2656799999999995e-05	9.98213890135478e-12
-3.26376e-05	7.924543826675858e-12
-3.26184e-05	6.27527380408284e-14
-3.2599200000000005e-05	-2.534424580181677e-11
-3.2579999999999996e-05	2.6205481630623572e-11
-3.25608e-05	6.400052046865034e-12
-3.25416e-05	-3.754952173318998e-11
-3.25224e-05	-1.581388548678153e-11
-3.25032e-05	-1.7018987179761339e-12
-3.2484e-05	-2.118208517110887e-11
-3.2464799999999995e-05	9.404438021989093e-12
-3.24456e-05	-3.4957320335765185e-11
-3.24264e-05	2.4625147259456398e-11
-3.2407200000000004e-05	-3.744217264152694e-12
-3.2387999999999996e-05	4.3596378841712885e-12
-3.23688e-05	-4.864450488050056e-13
-3.23496e-05	-1.9594087645839427e-11
-3.23304e-05	-2.6292709133406588e-11
-3.2311199999999997e-05	3.323133904338927e-11
-3.2292e-05	-3.6737276919654104e-11
-3.2272799999999994e-05	6.089055115146935e-12
-3.22536e-05	-3.8270149502432215e-11
-3.22344e-05	3.284982897370815e-11
-3.22152e-05	-2.1391374716887334e-11
-3.2195999999999995e-05	2.462274487251301e-12
-3.21768e-05	-7.86012705633651e-12
-3.21576e-05	-3.6272985145895225e-12
-3.21384e-05	-2.999879475296971e-11
-3.2119199999999996e-05	-2.4331075485288647e-11
-3.21e-05	5.33905438596973e-11
-3.20808e-05	-3.147823046476507e-11
-3.20616e-05	-3.835354978722491e-11
-3.20424e-05	-6.338930357044735e-12
-3.20232e-05	8.837222554984643e-12
-3.2003999999999994e-05	5.26143085058177e-12
-3.19848e-05	2.727094490845278e-11
-3.19656e-05	-4.353345477890065e-12
-3.1946399999999996e-05	-6.009589316501856e-11
-3.1927199999999995e-05	-1.364408110333729e-11
-3.1908e-05	4.7844520335539875e-11
-3.18888e-05	-4.9644988163313325e-11
-3.18696e-05	3.14902507935418e-11
-3.1850399999999996e-05	-3.0771741124611707e-11
-3.1831199999999994e-05	1.3195599933706225e-11
-3.1812e-05	-4.929454319283858e-11
-3.17928e-05	-7.523629985818693e-12
-3.17736e-05	-6.465621914175439e-12
-3.17544e-05	-6.666391386319188e-11
-3.17352e-05	6.107520840174101e-12
-3.1716e-05	4.4579167288484745e-11
-3.16968e-05	6.8526345727723354e-12
-3.16776e-05	-1.5944798914901807e-11
-3.16584e-05	-5.3154157761647313e-11
-3.16392e-05	1.299993400338741e-11
-3.162e-05	-5.562024840587184e-11
-3.16008e-05	1.679994881518193e-11
-3.15816e-05	2.823064641121445e-11
-3.15624e-05	5.110311018034491e-13
-3.15432e-05	-3.452420908287567e-11
-3.1524e-05	-2.7302449612752993e-11
-3.15048e-05	-4.7035091599478027e-11
-3.14856e-05	1.2812781469109469e-11
-3.14664e-05	2.863760918093415e-11
-3.14472e-05	-8.752631925144233e-11
-3.1428e-05	1.0130939398718917e-10
-3.1408799999999996e-05	-1.52827080354365e-12
-3.13896e-05	-3.850237597989873e-11
-3.13704e-05	2.800688252601273e-11
-3.13512e-05	1.2680804537256873e-11
-3.1332e-05	-2.4386773915916297e-11
-3.1312799999999996e-05	-1.1418467868226345e-11
-3.12936e-05	2.0742029959618606e-11
-3.12744e-05	-6.434975058463253e-11
-3.12552e-05	6.114003682326642e-11
-3.1236e-05	2.073507315658883e-11
-3.1216799999999996e-05	-1.5352998832147768e-12
-3.11976e-05	-2.024158096878832e-11
-3.11784e-05	2.5655306910001797e-11
-3.11592e-05	2.845278708981733e-11
-3.114e-05	-4.54016917803626e-11
-3.1120799999999995e-05	-1.3888151173769456e-12
-3.11016e-05	1.6553553397393386e-11
-3.10824e-05	5.325804812421659e-11
-3.10632e-05	2.599955282508145e-11
-3.1043999999999996e-05	2.6265793056485904e-11
-3.1024799999999995e-05	-2.0184238703594157e-11
-3.10056e-05	3.8207696116138146e-11
-3.09864e-05	-2.6200021852168075e-11
-3.09672e-05	-7.712492530520869e-12
-3.0947999999999996e-05	5.1718920707040145e-11
-3.0928799999999994e-05	-5.554501531087956e-11
-3.09096e-05	5.339575962918264e-11
-3.08904e-05	-1.5226948176096572e-11
-3.0871200000000004e-05	5.012757387336994e-11
-3.0852e-05	4.637361942176286e-11
-3.08328e-05	-5.750315080206979e-11
-3.08136e-05	-5.680077406843281e-11
-3.07944e-05	3.987137562957597e-11
-3.07752e-05	-1.1945166228884467e-10
-3.0756e-05	1.1273686207002992e-11
-3.07368e-05	3.3519339642455876e-11
-3.07176e-05	2.6366890826126813e-12
-3.06984e-05	-1.257794372718158e-10
-3.06792e-05	2.89518456222218e-11
-3.066e-05	7.995356992267119e-11
-3.06408e-05	1.0515463866455406e-10
-3.06216e-05	-5.092626439238105e-11
-3.06024e-05	-5.734767492411491e-11
-3.05832e-05	-6.744685437783525e-11
-3.0564e-05	5.2008132429704545e-11
-3.05448e-05	5.2193674657853424e-11
-3.05256e-05	1.9797097411560544e-11
-3.0506399999999996e-05	-3.189127092435802e-12
-3.04872e-05	1.8436150685815582e-11
-3.0467999999999997e-05	-1.726660351571641e-11
-3.0448799999999996e-05	1.0843013971680209e-10
-3.04296e-05	3.847778565837679e-11
-3.04104e-05	-1.5309873636236633e-10
-3.03912e-05	1.3000294898180906e-10
-3.0372e-05	-4.560540617076038e-11
-3.03528e-05	5.996508932175297e-11
-3.03336e-05	-6.323949250515938e-11
-3.03144e-05	7.988681105507919e-13
-3.02952e-05	-2.3513696165274903e-10
-3.0276e-05	1.0668517097514609e-10
-3.0256799999999998e-05	5.187471757970433e-11
-3.02376e-05	1.2582637665782764e-11
-3.02184e-05	-1.1939925952565016e-10
-3.01992e-05	1.2649440783854663e-10
-3.018e-05	-1.7000698012068594e-10
-3.0160799999999998e-05	1.4574496617820274e-10
-3.01416e-05	4.1253289819801585e-11
-3.0122399999999998e-05	-6.628902063771991e-11
-3.01032e-05	2.0582938712973159e-10
-3.0084e-05	-5.3266859988728447e-11
-3.00648e-05	1.0599112195325692e-10
-3.00456e-05	-2.6398763083140226e-10
-3.0026399999999998e-05	1.7982061956820694e-10
-3.00072e-05	5.172380600113387e-11
-2.9987999999999998e-05	2.1555664979490483e-10
-2.99688e-05	-2.746444662400674e-10
-2.99496e-05	-1.8918041760119217e-11
-2.9930399999999997e-05	-1.3510697304012725e-10
-2.99112e-05	1.5417445603969718e-10
-2.9891999999999998e-05	6.305653863939775e-11
-2.98728e-05	-1.8047073181863918e-10
-2.9853599999999998e-05	2.558993561731504e-10
-2.9834399999999997e-05	9.072135168408006e-11
-2.98152e-05	-4.3982084631690057e-10
-2.9795999999999997e-05	1.0812731474141856e-10
-2.97768e-05	3.536359712000173e-10
-2.9757599999999998e-05	-3.266321371492113e-10
-2.9738399999999996e-05	9.745869211112227e-11
-2.9719199999999998e-05	9.642151950588348e-11
-2.9699999999999997e-05	-7.153988744672053e-10
-2.96808e-05	4.285771055707473e-10
-2.9661599999999997e-05	1.6438935377769033e-09
-2.9642399999999996e-05	4.219376187721375e-10
-2.9623199999999998e-05	0.00029222449885000145
-2.9603999999999996e-05	6.012108783789251
-2.95848e-05	11.197663748652046
-2.9565599999999997e-05	14.648211098559212
-2.9546399999999995e-05	17.426779943787622
-2.95272e-05	19.818057064694358
-2.9508e-05	21.94899241827148
-2.94888e-05	23.8893554946101
-2.94696e-05	25.68237720953099
-2.94504e-05	27.357043839602053
-2.94312e-05	28.93391351503439
-2.9412e-05	30.428194327968495
-2.93928e-05	31.851512112280844
-2.93736e-05	33.2129913194608
-2.9354399999999998e-05	34.51994953445112
-2.93352e-05	35.77836209418945
-2.9316e-05	36.99318352105507
-2.92968e-05	38.16857627136327
-2.92776e-05	39.308077499910965
-2.92584e-05	40.414723224965805
-2.92392e-05	41.4911424817707
-2.9219999999999998e-05	42.53962987587278
-2.92008e-05	43.56220230716016
-2.91816e-05	44.560643891482314
-2.91624e-05	45.536541946280586
-2.91432e-05	46.491316124270874
-2.9123999999999998e-05	47.42624222595786
-2.91048e-05	48.342471826703694
-2.9085599999999998e-05	49.241048598492405
-2.90664e-05	50.122921958249215
-2.90472e-05	50.988958589055194
-2.9027999999999997e-05	51.839952199859454
-2.90088e-05	52.676631856803596
-2.8989599999999998e-05	53.49966912835916
-2.89704e-05	54.30968425013921
-2.8951199999999998e-05	55.10725145577254
-2.8931999999999997e-05	55.89290362641897
-2.89128e-05	56.667136344868595
-2.8893599999999997e-05	57.43041145653434
-2.88744e-05	58.18316020347692
-2.8855199999999998e-05	58.925785993211754
-2.8835999999999996e-05	59.65866685417084
-2.8816799999999998e-05	60.38215762044618
-2.8797599999999997e-05	61.0965918767461
-2.87784e-05	61.80228370163374
-2.8759199999999997e-05	62.49952923120952
-2.8739999999999996e-05	63.18860806297644
-2.8720799999999998e-05	63.8697845221383
-2.8701599999999996e-05	64.54330880815395
-2.86824e-05	65.2094180291387
-2.8663199999999997e-05	65.86833714539017
-2.8643999999999995e-05	66.52027981912495
-2.86248e-05	67.16544920236142
-2.86056e-05	67.80403864027677
-2.85864e-05	68.43623232888653
-2.85672e-05	69.06220590613945
-2.8548e-05	69.6821270017705
-2.85288e-05	70.29615574043369
-2.85096e-05	70.90444520388874
-2.84904e-05	71.50714185810266
-2.84712e-05	72.10438594814846
-2.8452e-05	72.69631186131618
-2.84328e-05	73.28304846536406
-2.84136e-05	73.86471942284894
-2.83944e-05	74.4414434787461
-2.83752e-05	75.0133347319186
-2.8356e-05	75.58050288704258
-2.83368e-05	76.14305348647484
-2.8317599999999998e-05	76.70108812952114
-2.82984e-05	77.25470467633522
-2.82792e-05	77.80399743876069
-2.826e-05	78.34905735561686
-2.82408e-05	78.88997216291037
-2.8221599999999998e-05	79.42682654736652
-2.82024e-05	79.95970229468683
-2.8183199999999998e-05	80.4886784266288
-2.8164e-05	81.01383132897804
-2.81448e-05	81.53523487687049
-2.8125599999999997e-05	82.05296054455667
-2.81064e-05	82.56707751661617
-2.8087199999999998e-05	83.07765278930253
-2.8068e-05	83.58475126473463
-2.8048799999999998e-05	84.08843584368526
-2.8029599999999997e-05	84.58876750942964
-2.80104e-05	85.08580541040642
-2.7991199999999997e-05	85.5796069354379
-2.7972e-05	86.07022778701167
-2.7952799999999998e-05	86.55772204954329
-2.7933599999999996e-05	87.04214225577837
-2.7914399999999998e-05	87.52353944732998
-2.7895199999999997e-05	88.0019632331684
-2.7876e-05	88.47746184712256
-2.7856799999999997e-05	88.95008219934604
-2.7837599999999996e-05	89.41986992683513
-2.7818399999999998e-05	89.88686944306028
-2.7799199999999996e-05	90.35112398116922
-2.7779999999999998e-05	90.81267563849754
-2.7760799999999997e-05	91.27156541906574
-2.7741599999999995e-05	91.72783327215005
-2.77224e-05	92.18151812914589
-2.77032e-05	92.6326579417585
-2.7684e-05	93.08128971405127
-2.76648e-05	93.52744953697902
-2.7645600000000002e-05	93.9711726183099
-2.76264e-05	94.41249331451546
-2.76072e-05	94.85144515773366
-2.7588e-05	95.28806088417781
-2.75688e-05	95.72237245963062
-2.75496e-05	96.15441110597203
-2.75304e-05	96.58420732435215
-2.75112e-05	97.01179091779959
-2.7492e-05	97.4371910147504
-2.74728e-05	97.86043608982565
-2.74536e-05	98.28155398383856
-2.74344e-05	98.7005719241476
-2.7415199999999998e-05	99.11751654275986
-2.7396e-05	99.5324138951128
-2.73768e-05	99.94528947634757
-2.73576e-05	100.3561682399941
-2.73384e-05	100.76507461197721
-2.7319199999999998e-05	101.17203250727914
-2.73e-05	101.57706534540962
-2.7280799999999998e-05	101.98019606295435
-2.72616e-05	102.3814471286044
-2.72424e-05	102.78084055616775
-2.7223199999999997e-05	103.17839791747258
-2.7204e-05	103.57414035561114
-2.7184799999999998e-05	103.96808859506643
-2.71656e-05	104.36026295322678
-2.7146399999999998e-05	104.75068335460863
-2.7127199999999997e-05	105.13936933776313
-2.7108e-05	105.52634006745888
-2.7088799999999997e-05	105.91161434486264
-2.70696e-05	106.29521061624017
-2.7050399999999998e-05	106.67714698245797
-2.7031199999999996e-05	107.05744120881377
-2.7011999999999998e-05	107.43611073332644
-2.6992799999999997e-05	107.81317267463272
-2.69736e-05	108.1886438402534
-2.6954399999999997e-05	108.56254073576812
-2.6935199999999996e-05	108.93487956959878
-2.6915999999999998e-05	109.30567626421185
-2.6896799999999996e-05	109.67494645986609
-2.6877599999999998e-05	110.04270552344923
-2.6858399999999997e-05	110.40896855405325
-2.6839200000000002e-05	110.77375039089884
-2.682e-05	111.13706561842027
-2.68008e-05	111.49892857182643
-2.67816e-05	111.85935334503509
-2.67624e-05	112.21835379473553
-2.6743200000000002e-05	112.57594354635071
-2.6724e-05	112.93213599974837
-2.67048e-05	113.28694433401985
-2.66856e-05	113.64038151337581
-2.66664e-05	113.99246029022514
-2.66472e-05	114.34319321248205
-2.6628e-05	114.6925926259131
-2.66088e-05	115.04067068076188
-2.65896e-05	115.38743933395594
-2.65704e-05	115.73291035480227
-2.65512e-05	116.07709532911711
-2.6532e-05	116.4200056624024
-2.6512799999999998e-05	116.7616525843579
-2.64936e-05	117.10204715244205
-2.64744e-05	117.44120025576571
-2.64552e-05	117.77912261870789
-2.6436e-05	118.11582480375993
-2.6416799999999998e-05	118.4513172160747
-2.63976e-05	118.78561010564056
-2.6378399999999998e-05	119.11871357104624
-2.63592e-05	119.45063756289338
-2.634e-05	119.78139188577738
-2.6320799999999997e-05	120.11098620250363
-2.63016e-05	120.4394300364431
-2.6282399999999998e-05	120.76673277359873
-2.62632e-05	121.09290366736187
-2.6243999999999998e-05	121.4179518384727
-2.6224799999999997e-05	121.7418862800917
-2.62056e-05	122.06471585909269
-2.6186399999999997e-05	122.38644931730764
-2.61672e-05	122.70709527782579
-2.6147999999999998e-05	123.02666224276717
-2.6128799999999996e-05	123.3451585988368
-2.6109599999999998e-05	123.662592617698
-2.6090399999999997e-05	123.97897245925441
-2.60712e-05	124.29430617289748
-2.6051999999999997e-05	124.60860170054205
-2.60328e-05	124.92186687745365
-2.6013599999999998e-05	125.23410943596934
-2.5994399999999996e-05	125.54533700525414
-2.5975199999999998e-05	125.85555711473192
-2.5955999999999997e-05	126.16477719599595
-2.5936800000000002e-05	126.47300458300364
-2.59176e-05	126.78024651598324
-2.58984e-05	127.0865101412839
-2.58792e-05	127.39180251471245
-2.586e-05	127.69613060107562
-2.58408e-05	127.99950127835497
-2.58216e-05	128.30192133702312
-2.58024e-05	128.6033974827491
-2.57832e-05	128.9039363379441
-2.5764e-05	129.2035444421839
-2.57448e-05	129.50222825517002
-2.57256e-05	129.79999415636632
-2.57064e-05	130.09684844867422
-2.56872e-05	130.39279735671832
-2.5668e-05	130.68784703117984
-2.56488e-05	130.9820035482587
-2.56296e-05	131.27527291105199
-2.5610399999999998e-05	131.56766105176283
-2.55912e-05	131.85917383185463
-2.5572e-05	132.14981704344254
-2.55528e-05	132.4395964115404
-2.55336e-05	132.72851759292442
-2.5514399999999997e-05	133.01658617980107
-2.54952e-05	133.30380769880526
-2.5475999999999998e-05	133.59018761289752
-2.54568e-05	133.8757313227646
-2.54376e-05	134.1604441678868
-2.5418399999999997e-05	134.44433142560257
-2.53992e-05	134.72739831520076
-2.5379999999999998e-05	135.00964999618225
-2.53608e-05	135.291091570824
-2.5341599999999998e-05	135.57172808333652
-2.5322399999999997e-05	135.85156452360798
-2.53032e-05	136.13060582482197
-2.5283999999999997e-05	136.4088568668068
-2.52648e-05	136.68632247579464
-2.5245599999999998e-05	136.96300742456782
-2.52264e-05	137.2389164350847
-2.5207199999999998e-05	137.51405417706388
-2.5187999999999997e-05	137.78842527164804
-2.51688e-05	138.06203428849042
-2.5149599999999997e-05	138.33488574954688
-2.51304e-05	138.60698412843354
-2.5111199999999998e-05	138.87833385137495
-2.5091999999999996e-05	139.14893929823742
-2.5072799999999998e-05	139.41880480224202
-2.5053599999999997e-05	139.68793465163557
-2.5034400000000002e-05	139.95633309046264
-2.50152e-05	140.22400431756122
-2.4996e-05	140.4909524900311
-2.49768e-05	140.757181720779
-2.49576e-05	141.02269608121418
-2.49384e-05	141.2874996010623
-2.49192e-05	141.55159626973324
-2.49e-05	141.81499003541416
-2.48808e-05	142.07768480714714
-2.48616e-05	142.33968445395496
-2.48424e-05	142.60099280732183
-2.48232e-05	142.86161365930394
-2.4804e-05	143.12155076600223
-2.47848e-05	143.38080784485675
-2.47656e-05	143.63938857797166
-2.47464e-05	143.89729661037904
-2.47272e-05	144.15453555237016
-2.4707999999999998e-05	144.41110897866403
-2.46888e-05	144.66702043008272
-2.46696e-05	144.92227341249708
-2.46504e-05	145.1768713987508
-2.46312e-05	145.4308178280679
-2.4611999999999997e-05	145.6841161073406
-2.45928e-05	145.93676961101573
-2.4573599999999998e-05	146.18878168127415
-2.45544e-05	146.44015562980903
-2.45352e-05	146.69089473641668
-2.4515999999999997e-05	146.94100225004811
-2.44968e-05	147.19048139082378
-2.4477599999999998e-05	147.4393353473232
-2.44584e-05	147.68756728005337
-2.4439199999999998e-05	147.93518031991977
-2.442e-05	148.18217756873457
-2.44008e-05	148.42856210088829
-2.4381599999999997e-05	148.67433696207218
-2.43624e-05	148.91950517087452
-2.4343199999999998e-05	149.1640697180818
-2.4324e-05	149.4080335681959
-2.4304799999999998e-05	149.65139965881065
-2.4285599999999997e-05	149.89417090133847
-2.42664e-05	150.1363501811353
-2.4247199999999997e-05	150.37794035798507
-2.4228e-05	150.61894426675906
-2.4208799999999998e-05	150.85936471719478
-2.4189599999999996e-05	151.09920449387295
-2.4170399999999998e-05	151.33846635755955
-2.4151199999999997e-05	151.57715304501608
-2.4132e-05	151.81526726859997
-2.41128e-05	152.05281171786746
-2.40936e-05	152.28978905890312
-2.40744e-05	152.52620193440436
-2.40552e-05	152.76205296529432
-2.4036e-05	152.99734474935346
-2.40168e-05	153.23207986280696
-2.39976e-05	153.46626085925013
-2.39784e-05	153.69989027178883
-2.39592e-05	153.93297061079693
-2.394e-05	154.1655043670957
-2.39208e-05	154.3974940091023
-2.3901599999999998e-05	154.62894198586676
-2.38824e-05	154.85985072562795
-2.38632e-05	155.090222636311
-2.3844e-05	155.3200601060499
-2.38248e-05	155.5493655034111
-2.3805599999999998e-05	155.77814117783785
-2.37864e-05	156.00638945896705
-2.37672e-05	156.2341126573263
-2.3748e-05	156.4613130660226
-2.37288e-05	156.68799295783134
-2.3709599999999997e-05	156.91415458875895
-2.36904e-05	157.13980019528879
-2.3671199999999998e-05	157.36493199714968
-2.3652e-05	157.58955219549446
-2.36328e-05	157.81366297483555
-2.36136e-05	158.03726650145646
-2.35944e-05	158.26036492536818
-2.3575199999999997e-05	158.4829603788165
-2.3556e-05	158.70505497789705
-2.3536799999999998e-05	158.92665082207657
-2.35176e-05	159.14774999431248
-2.34984e-05	159.36835456116813
-2.3479199999999997e-05	159.5884665740764
-2.346e-05	159.80808806742468
-2.3440799999999998e-05	160.02722106046537
-2.34216e-05	160.24586755735214
-2.3402399999999998e-05	160.46402954636693
-2.3383199999999997e-05	160.68170900085647
-2.3364e-05	160.89890787912617
-2.3344799999999997e-05	161.11562812419302
-2.33256e-05	161.33187166527293
-2.3306399999999998e-05	161.5476404165243
-2.3287199999999996e-05	161.7629362773005
-2.3267999999999998e-05	161.97776113349812
-2.3248799999999997e-05	162.19211685651885
-2.32296e-05	162.4060053037358
-2.3210399999999997e-05	162.61942831886807
-2.3191199999999996e-05	162.8323877321088
-2.3172e-05	163.04488535968198
-2.31528e-05	163.25692300459482
-2.31336e-05	163.46850245708058
-2.31144e-05	163.67962549334092
-2.30952e-05	163.89029387751535
-2.3076e-05	164.1005093600555
-2.30568e-05	164.31027367935388
-2.30376e-05	164.51958856097153
-2.30184e-05	164.72845571739185
-2.2999199999999998e-05	164.9368768497648
-2.298e-05	165.1448536464019
-2.29608e-05	165.35238778353093
-2.29416e-05	165.5594809255688
-2.29224e-05	165.76613472483425
-2.2903199999999998e-05	165.97235082213535
-2.2884e-05	166.17813084668654
-2.28648e-05	166.38347641571988
-2.28456e-05	166.58838913557733
-2.28264e-05	166.79287060125412
-2.28072e-05	166.99692239614296
-2.2788e-05	167.20054609304285
-2.2768799999999998e-05	167.4037432538207
-2.27496e-05	167.60651542882513
-2.27304e-05	167.80886415876674
-2.27112e-05	168.01079097260077
-2.2692e-05	168.2122973895224
-2.2672799999999997e-05	168.41338491815728
-2.26536e-05	168.61405505660608
-2.2634399999999998e-05	168.81430929258116
-2.26152e-05	169.01414910444416
-2.2596e-05	169.21357595976514
-2.2576799999999997e-05	169.41259131653246
-2.25576e-05	169.61119662293987
-2.2538399999999998e-05	169.80939331725693
-2.25192e-05	170.0071828283504
-2.2499999999999998e-05	170.2045665753071
-2.2480799999999997e-05	170.40154596796603
-2.24616e-05	170.5981224066999
-2.2442399999999997e-05	170.7942972825686
-2.24232e-05	170.99007197746954
-2.2403999999999998e-05	171.18544786407685
-2.2384799999999996e-05	171.38042630645438
-2.2365599999999998e-05	171.5750086592735
-2.2346399999999997e-05	171.7691962682279
-2.23272e-05	171.96299047073103
-2.2307999999999997e-05	172.15639259514137
-2.2288799999999996e-05	172.34940396120126
-2.22696e-05	172.542025880266
-2.22504e-05	172.73425965508474
-2.22312e-05	172.92610657986077
-2.2212e-05	173.11756794094887
-2.21928e-05	173.30864501567714
-2.21736e-05	173.49933907409087
-2.21544e-05	173.68965137715136
-2.21352e-05	173.87958317849393
-2.2116e-05	174.0691357235012
-2.20968e-05	174.25831024961582
-2.20776e-05	174.4471079865869
-2.20584e-05	174.63553015596852
-2.20392e-05	174.8235779724026
-2.202e-05	175.01125264195423
-2.20008e-05	175.1985553636856
-2.19816e-05	175.38548732917664
-2.1962399999999998e-05	175.5720497219719
-2.19432e-05	175.75824371902848
-2.1924e-05	175.94407048934553
-2.19048e-05	176.12953119503578
-2.18856e-05	176.31462699074532
-2.1866399999999998e-05	176.49935902444466
-2.18472e-05	176.68372843640162
-2.1828e-05	176.8677363601883
-2.18088e-05	177.0513839227148
-2.17896e-05	177.2346722435004
-2.1770399999999997e-05	177.4176024356977
-2.17512e-05	177.6001756053969
-2.1731999999999998e-05	177.78239285196693
-2.17128e-05	177.96425526823882
-2.16936e-05	178.14576394043317
-2.1674399999999997e-05	178.32691994873286
-2.16552e-05	178.50772436578015
-2.1635999999999997e-05	178.68817825869257
-2.16168e-05	178.8682826876801
-2.1597599999999998e-05	179.04803870740275
-2.1578399999999997e-05	179.22744736561083
-2.15592e-05	179.40650970386596
-2.1539999999999997e-05	179.5852267576266
-2.15208e-05	179.76359955695338
-2.1501599999999998e-05	179.9416291247804
-2.1482399999999996e-05	180.11931647884768
-2.1463199999999998e-05	180.29666263060818
-2.1443999999999997e-05	180.4736685856095
-2.14248e-05	180.6503353438218
-2.1405599999999997e-05	180.82666389912382
-2.1386399999999996e-05	181.00265523981784
-2.13672e-05	181.17831034828146
-2.1348e-05	181.3536302016625
-2.13288e-05	181.52861577099557
-2.13096e-05	181.70326802188706
-2.1290400000000002e-05	181.87758791476452
-2.12712e-05	182.05157640405622
-2.1252e-05	182.22523443908216
-2.12328e-05	182.39856296333372
-2.12136e-05	182.57156291558522
-2.11944e-05	182.74423522870336
-2.11752e-05	182.916580830582
-2.1156e-05	183.08860064366453
-2.11368e-05	183.26029558539642
-2.11176e-05	183.4316665677485
-2.10984e-05	183.6027144978064
-2.10792e-05	183.77344027750573
-2.1059999999999998e-05	183.94384480377857
-2.10408e-05	184.11392896821962
-2.10216e-05	184.283693657778
-2.10024e-05	184.45313975455724
-2.09832e-05	184.62226813502332
-2.0963999999999998e-05	184.79107967164074
-2.09448e-05	184.95957523176952
-2.09256e-05	185.1277556773892
-2.09064e-05	185.29562186691038
-2.08872e-05	185.46317465261103
-2.0867999999999997e-05	185.63041488328676
-2.08488e-05	185.79734340240938
-2.0829599999999998e-05	185.96396104879705
-2.08104e-05	186.13026865690907
-2.07912e-05	186.2962670571575
-2.0771999999999997e-05	186.4619570746094
-2.07528e-05	186.62733953001973
-2.0733599999999997e-05	186.79241523996237
-2.07144e-05	186.95718501690044
-2.0695199999999998e-05	187.12164966817525
-2.0675999999999997e-05	187.28580999734916
-2.06568e-05	187.44966680360287
-2.0637599999999997e-05	187.6132208814941
-2.06184e-05	187.77647302221376
-2.0599199999999998e-05	187.93942401187124
-2.0579999999999996e-05	188.10207463266357
-2.0560799999999998e-05	188.2644256632205
-2.0541599999999997e-05	188.42647787708304
-2.05224e-05	188.58823204463397
-2.0503199999999997e-05	188.7496889315707
-2.0484000000000002e-05	188.91084929998212
-2.04648e-05	189.071713907927
-2.04456e-05	189.23228350945067
-2.04264e-05	189.39255885480597
-2.04072e-05	189.55254069000785
-2.0388000000000002e-05	189.71222975743927
-2.03688e-05	189.87162679587635
-2.03496e-05	190.0307325397749
-2.03304e-05	190.18954772035823
-2.03112e-05	190.3480730647307
-2.0292e-05	190.50630929629938
-2.02728e-05	190.66425713496437
-2.02536e-05	190.82191729654107
-2.02344e-05	190.97929049380076
-2.02152e-05	191.13637743500635
-2.0196e-05	191.2931788255255
-2.01768e-05	191.4496953671601
-2.0157599999999998e-05	191.6059277575317
-2.01384e-05	191.76187669133057
-2.01192e-05	191.91754285922664
-2.01e-05	192.07292694857358
-2.00808e-05	192.2280296436446
-2.0061599999999998e-05	192.3828516245042
-2.00424e-05	192.5373935683738
-2.0023199999999998e-05	192.6916561490089
-2.0004e-05	192.8456400363812
-1.99848e-05	192.99934589727076
-1.9965599999999997e-05	193.1527743953379
-1.99464e-05	193.3059261907883
-1.9927199999999998e-05	193.45880194045512
-1.9908e-05	193.61140229799793
-1.98888e-05	193.76372791348112
-1.9869599999999997e-05	193.91577943449224
-1.98504e-05	194.06755750452305
-1.9831199999999997e-05	194.21906276433532
-1.9812e-05	194.37029585175452
-1.9792799999999998e-05	194.52125740102178
-1.9773599999999996e-05	194.67194804351985
-1.97544e-05	194.82236840723402
-1.9735199999999997e-05	194.97251911782024
-1.9716e-05	195.12240079696195
-1.9696799999999997e-05	195.27201406392098
-1.96776e-05	195.4213595347664
-1.9658399999999998e-05	195.57043782266507
-1.9639199999999997e-05	195.7192495375005
-1.962e-05	195.8677952869549
-1.9600799999999997e-05	196.0160756748568
-1.9581600000000002e-05	196.16409130325403
-1.95624e-05	196.31184276981384
-1.95432e-05	196.45933067106682
-1.9524e-05	196.6065555994032
-1.95048e-05	196.7535181451521
-1.9485600000000002e-05	196.9002188955981
-1.94664e-05	197.04665843492674
-1.94472e-05	197.1928373453119
-1.9428e-05	197.33875620530586
-1.94088e-05	197.48441559160662
-1.93896e-05	197.62981607754503
-1.93704e-05	197.77495823406332
-1.93512e-05	197.91984262933593
-1.9332e-05	198.06446982910157
-1.93128e-05	198.20884039613986
-1.92936e-05	198.3529548908826
-1.92744e-05	198.49681387062972
-1.9255199999999998e-05	198.6404178909901
-1.9236e-05	198.78376750419352
-1.92168e-05	198.92686326025796
-1.91976e-05	199.06970570667417
-1.91784e-05	199.2122953879597
-1.9159199999999998e-05	199.3546328465881
-1.914e-05	199.49671862241897
-1.9120799999999998e-05	199.63855325274378
-1.91016e-05	199.78013727226013
-1.90824e-05	199.92147121348194
-1.9063199999999997e-05	200.0625556059438
-1.9044e-05	200.20339097747294
-1.9024799999999998e-05	200.34397785299055
-1.90056e-05	200.48431675490386
-1.89864e-05	200.62440820348675
-1.8967199999999997e-05	200.76425271661822
-1.8948e-05	200.9038508094579
-1.8928799999999997e-05	201.04320299528047
-1.89096e-05	201.1823097849576
-1.8890399999999998e-05	201.32117168657123
-1.88712e-05	201.45978920629526
-1.8852e-05	201.59816284784424
-1.8832799999999997e-05	201.73629311293018
-1.88136e-05	201.87418050058074
-1.8794399999999997e-05	202.01182550789548
-1.87752e-05	202.14922862956817
-1.8755999999999998e-05	202.28639035808726
-1.8736799999999997e-05	202.42331118391994
-1.87176e-05	202.55999159506217
-1.8698399999999997e-05	202.69643207748948
-1.8679200000000002e-05	202.8326331150306
-1.866e-05	202.968595189471
-1.86408e-05	203.10431878013702
-1.86216e-05	203.2398043647191
-1.86024e-05	203.37505241846537
-1.8583200000000002e-05	203.51006341441095
-1.8564e-05	203.64483782398275
-1.85448e-05	203.77937611644197
-1.85256e-05	203.913678758562
-1.85064e-05	204.04774621563655
-1.84872e-05	204.18157895060776
-1.8468e-05	204.31517742441025
-1.84488e-05	204.44854209634352
-1.84296e-05	204.58167342345337
-1.84104e-05	204.71457186045927
-1.83912e-05	204.8472378610739
-1.8372e-05	204.9796718762612
-1.8352799999999998e-05	205.11187435499124
-1.83336e-05	205.24384574505135
-1.83144e-05	205.3755864916311
-1.82952e-05	205.5070970382863
-1.8276e-05	205.63837782662074
-1.8256799999999998e-05	205.76942929615402
-1.82376e-05	205.9002518849079
-1.8218399999999998e-05	206.03084602895967
-1.81992e-05	206.16121216226438
-1.818e-05	206.29135071690098
-1.8160799999999997e-05	206.42126212330555
-1.81416e-05	206.55094681021794
-1.8122399999999998e-05	206.680405204179
-1.81032e-05	206.80963773017922
-1.8083999999999998e-05	206.93864481113243
-1.80648e-05	207.06742686836466
-1.80456e-05	207.19598432137352
-1.8026399999999997e-05	207.32431758776508
-1.80072e-05	207.4524270834476
-1.7987999999999998e-05	207.58031322266302
-1.79688e-05	207.7079764176134
-1.79496e-05	207.8354170788965
-1.7930399999999997e-05	207.9626356155543
-1.79112e-05	208.08963243441812
-1.7891999999999997e-05	208.21640794124096
-1.78728e-05	208.3429625397525
-1.7853599999999998e-05	208.4692966316861
-1.7834399999999996e-05	208.59541061738912
-1.78152e-05	208.72130489571035
-1.7795999999999997e-05	208.84697986341365
-1.7776800000000002e-05	208.9724359159912
-1.77576e-05	209.09767344729212
-1.77384e-05	209.2226928488578
-1.77192e-05	209.34749451170225
-1.77e-05	209.47207882414264
-1.7680800000000002e-05	209.59644617368875
-1.76616e-05	209.72059694603396
-1.76424e-05	209.8445315251584
-1.76232e-05	209.96825029331222
-1.7604e-05	210.0917536318424
-1.75848e-05	210.21504192014964
-1.75656e-05	210.33811553566812
-1.75464e-05	210.46097485515838
-1.75272e-05	210.58362025333238
-1.7508e-05	210.70605210353145
-1.74888e-05	210.82827077737514
-1.74696e-05	210.95027664528376
-1.7450399999999998e-05	211.07207007631612
-1.74312e-05	211.1936514377112
-1.7412e-05	211.3150210952914
-1.73928e-05	211.43617941368677
-1.73736e-05	211.5571267557555
-1.7354399999999998e-05	211.67786348310366
-1.73352e-05	211.79838995599658
-1.7315999999999998e-05	211.9187065328212
-1.72968e-05	212.03881357086317
-1.72776e-05	212.15871142623183
-1.72584e-05	212.2784004530834
-1.72392e-05	212.3978810045098
-1.7219999999999998e-05	212.51715343195264
-1.72008e-05	212.63621808595815
-1.7181599999999998e-05	212.7550753150205
-1.71624e-05	212.87372546657465
-1.71432e-05	212.99216888677086
-1.7123999999999997e-05	213.11040591993776
-1.71048e-05	213.22843690983962
-1.7085599999999998e-05	213.34626219794006
-1.70664e-05	213.463882124872
-1.70472e-05	213.58129702991818
-1.7027999999999997e-05	213.6985072507339
-1.70088e-05	213.81551312387367
-1.6989599999999997e-05	213.93231498432917
-1.69704e-05	214.04891316615425
-1.6951199999999998e-05	214.16530800147186
-1.6931999999999996e-05	214.2814998216176
-1.69128e-05	214.39748895654068
-1.6893599999999997e-05	214.51327573445607
-1.6874400000000002e-05	214.6288604827975
-1.68552e-05	214.7442435275765
-1.6836e-05	214.85942519326062
-1.68168e-05	214.97440580319324
-1.67976e-05	215.08918567966336
-1.6778400000000002e-05	215.20376514343855
-1.67592e-05	215.31814451418816
-1.674e-05	215.43232411020657
-1.67208e-05	215.5463042486851
-1.67016e-05	215.66008524537872
-1.66824e-05	215.77366741526637
-1.66632e-05	215.88705107160877
-1.6644e-05	216.00023652678448
-1.66248e-05	216.1132240920309
-1.66056e-05	216.22601407685167
-1.65864e-05	216.3386067903592
-1.65672e-05	216.45100254012195
-1.6547999999999998e-05	216.56320163258792
-1.65288e-05	216.6752043727244
-1.65096e-05	216.78701106499972
-1.64904e-05	216.8986220121635
-1.64712e-05	217.0100375161816
-1.6452e-05	217.12125787750952
-1.64328e-05	217.2322833960144
-1.6413599999999998e-05	217.34311437022308
-1.63944e-05	217.45375109732709
-1.63752e-05	217.5641938735298
-1.6356e-05	217.674442994035
-1.63368e-05	217.78449875289553
-1.6317599999999998e-05	217.89436144316073
-1.62984e-05	218.00403135643768
-1.6279199999999998e-05	218.11350878359931
-1.626e-05	218.22279401449478
-1.62408e-05	218.33188733749049
-1.6221599999999997e-05	218.4407890402176
-1.62024e-05	218.54949940876497
-1.6183199999999998e-05	218.65801872877634
-1.6164e-05	218.76634728471427
-1.6144799999999998e-05	218.874485359486
-1.6125599999999997e-05	218.98243323526683
-1.61064e-05	219.09019119312936
-1.6087199999999997e-05	219.1977595132499
-1.6068e-05	219.3051384743868
-1.6048799999999998e-05	219.41232835456276
-1.6029599999999996e-05	219.5193294306853
-1.60104e-05	219.62614197863743
-1.5991199999999997e-05	219.7327662726024
-1.5972e-05	219.83920258711368
-1.59528e-05	219.94545119445985
-1.59336e-05	220.05151236640444
-1.59144e-05	220.15738637382137
-1.58952e-05	220.2630734857992
-1.5876e-05	220.3685739717132
-1.58568e-05	220.4738880986516
-1.58376e-05	220.57901613349208
-1.58184e-05	220.68395834175155
-1.57992e-05	220.78871498828883
-1.5779999999999998e-05	220.89328633667972
-1.57608e-05	220.9976726494922
-1.57416e-05	221.10187418874747
-1.57224e-05	221.20589121507786
-1.57032e-05	221.30972398851844
-1.5683999999999998e-05	221.41337276788332
-1.56648e-05	221.51683781089014
-1.5645599999999998e-05	221.62011937482657
-1.56264e-05	221.72321771561533
-1.56072e-05	221.82613308878726
-1.5587999999999997e-05	221.92886574827173
-1.55688e-05	222.03141594777384
-1.5549599999999998e-05	222.13378393918444
-1.55304e-05	222.23596997476903
-1.55112e-05	222.33797430471583
-1.5492e-05	222.43979717900166
-1.54728e-05	222.5414388462984
-1.54536e-05	222.64289955499942
-1.54344e-05	222.7441795520321
-1.54152e-05	222.84527908352413
-1.5396e-05	222.9461983954527
-1.5376799999999998e-05	223.04693773163626
-1.53576e-05	223.1474973360949
-1.53384e-05	223.24787745197767
-1.53192e-05	223.34807832059695
-1.53e-05	223.44810018358424
-1.5280799999999998e-05	223.5479432807409
-1.52616e-05	223.6476078518832
-1.52424e-05	223.7470941353683
-1.52232e-05	223.84640236885727
-1.5204e-05	223.94553278921725
-1.5184799999999999e-05	224.04448563267917
-1.51656e-05	224.1432611339431
-1.51464e-05	224.24185952769915
-1.51272e-05	224.34028104739937
-1.5108e-05	224.43852592561055
-1.50888e-05	224.53659439404785
-1.5069599999999999e-05	224.6344866839073
-1.5050399999999999e-05	224.73220302493888
-1.50312e-05	224.8297436468273
-1.5012e-05	224.92710877790478
-1.49928e-05	225.02429864583678
-1.4973599999999998e-05	225.12131347743176
-1.4954399999999999e-05	225.2181534986673
-1.4935199999999999e-05	225.31481893494615
-1.4915999999999999e-05	225.4113100104897
-1.48968e-05	225.50762694877224
-1.4877599999999998e-05	225.60376997296376
-1.4858399999999998e-05	225.69973930464013
-1.4839199999999998e-05	225.79553516529086
-1.482e-05	225.89115777526766
-1.48008e-05	225.98660735416726
-1.47816e-05	226.08188412074313
-1.47624e-05	226.17698829319067
-1.47432e-05	226.2719200888758
-1.4724e-05	226.36667972433682
-1.47048e-05	226.46126741548065
-1.46856e-05	226.55568337708343
-1.4666399999999999e-05	226.6499278236222
-1.46472e-05	226.74400096863275
-1.4628e-05	226.8379030251726
-1.46088e-05	226.93163420522572
-1.45896e-05	227.02519471991798
-1.4570399999999999e-05	227.1185847802249
-1.4551199999999999e-05	227.21180459599935
-1.4531999999999999e-05	227.30485437642972
-1.45128e-05	227.39773433032965
-1.44936e-05	227.49044466510193
-1.4474399999999998e-05	227.5829855883097
-1.4455199999999998e-05	227.67535730599917
-1.4435999999999999e-05	227.7675600241161
-1.4416799999999999e-05	227.85959394779135
-1.43976e-05	227.95145928128795
-1.4378399999999998e-05	228.04315622822577
-1.43592e-05	228.13468499163906
-1.434e-05	228.22604577374864
-1.43208e-05	228.31723877634377
-1.43016e-05	228.40826420023225
-1.42824e-05	228.4991222455124
-1.42632e-05	228.58981311222598
-1.4244e-05	228.68033699879794
-1.42248e-05	228.7706941035925
-1.42056e-05	228.8608846240865
-1.41864e-05	228.9509087572859
-1.4167199999999999e-05	229.04076669949774
-1.4147999999999999e-05	229.1304586456046
-1.41288e-05	229.2199847910443
-1.41096e-05	229.30934532982658
-1.40904e-05	229.3985404553468
-1.4071199999999998e-05	229.48757036047874
-1.4051999999999999e-05	229.5764352372519
-1.4032799999999999e-05	229.6651352772883
-1.4013599999999999e-05	229.7536706711703
-1.39944e-05	229.8420416092379
-1.3975199999999998e-05	229.930248280913
-1.3955999999999998e-05	230.0182908749799
-1.3936799999999998e-05	230.10616957950046
-1.39176e-05	230.1938845820609
-1.38984e-05	230.28143606958062
-1.3879200000000001e-05	230.36882422830783
-1.386e-05	230.45604924351773
-1.38408e-05	230.54311130044408
-1.38216e-05	230.63001058305957
-1.38024e-05	230.7167472753482
-1.37832e-05	230.80332155997235
-1.3763999999999999e-05	230.88973361967354
-1.37448e-05	230.9759836359612
-1.37256e-05	231.0620717901414
-1.37064e-05	231.1479982627515
-1.36872e-05	231.2337632338365
-1.3667999999999999e-05	231.3193668825935
-1.3648799999999999e-05	231.40480938791694
-1.3629599999999999e-05	231.49009092771846
-1.36104e-05	231.5752116798396
-1.35912e-05	231.66017182118
-1.3571999999999998e-05	231.74497152807814
-1.3552799999999998e-05	231.82961097657247
-1.3533599999999999e-05	231.9140903417593
-1.3514399999999999e-05	231.99840979829105
-1.3495199999999999e-05	232.0825695204241
-1.3476000000000001e-05	232.16656968159378
-1.34568e-05	232.2504104549482
-1.34376e-05	232.3340920127584
-1.34184e-05	232.41761452699282
-1.33992e-05	232.50097816908854
-1.338e-05	232.5841831094636
-1.33608e-05	232.66722951852373
-1.33416e-05	232.75011756600722
-1.33224e-05	232.83284742099372
-1.33032e-05	232.91541925198106
-1.3284e-05	232.99783322698414
-1.3264799999999999e-05	233.08008951343567
-1.3245599999999999e-05	233.1621882779792
-1.32264e-05	233.24412968738676
-1.32072e-05	233.32591390707864
-1.3188e-05	233.40754110259536
-1.3168799999999998e-05	233.4890114383728
-1.3149599999999999e-05	233.57032507861754
-1.3130399999999999e-05	233.6514821868445
-1.3111199999999999e-05	233.7324829261935
-1.3092e-05	233.81332745909734
-1.30728e-05	233.89401594741935
-1.3053599999999998e-05	233.97454855251522
-1.3034399999999998e-05	234.05492543531437
-1.30152e-05	234.1351467559897
-1.2996e-05	234.2152126742577
-1.29768e-05	234.29512334950434
-1.29576e-05	234.37487894007205
-1.29384e-05	234.45447960415626
-1.29192e-05	234.5339254993743
-1.29e-05	234.6132167828415
-1.28808e-05	234.69235361080027
-1.2861599999999999e-05	234.77133613944616
-1.28424e-05	234.85016452395726
-1.28232e-05	234.92883891947682
-1.2804e-05	235.0073594802973
-1.27848e-05	235.0857263603621
-1.2765599999999999e-05	235.16393971299937
-1.2746399999999999e-05	235.24199969095298
-1.2727199999999999e-05	235.3199064467955
-1.2708e-05	235.39766013207853
-1.26888e-05	235.47526089843362
-1.26696e-05	235.55270889668878
-1.2650399999999998e-05	235.63000427682587
-1.2631199999999999e-05	235.70714718931376
-1.2611999999999999e-05	235.78413778317113
-1.2592799999999999e-05	235.86097620750263
-1.2573600000000001e-05	235.93766261070567
-1.25544e-05	236.0141971406583
-1.25352e-05	236.09057994481475
-1.2516e-05	236.1668111705083
-1.24968e-05	236.24289096415814
-1.24776e-05	236.31881947195967
-1.24584e-05	236.39459683936624
-1.24392e-05	236.47022321167785
-1.242e-05	236.5456987335971
-1.24008e-05	236.6210235494721
-1.23816e-05	236.6961978031223
-1.2362399999999999e-05	236.7712216377617
-1.2343199999999999e-05	236.84609519645105
-1.2324e-05	236.92081862162206
-1.23048e-05	236.9953920552085
-1.22856e-05	237.0698156388188
-1.22664e-05	237.1440895135331
-1.2247199999999999e-05	237.21821381985242
-1.2227999999999999e-05	237.2921886980055
-1.2208799999999999e-05	237.36601428775566
-1.21896e-05	237.43969072830814
-1.21704e-05	237.51321815869505
-1.2151199999999998e-05	237.586596716886
-1.2131999999999998e-05	237.6598265410418
-1.21128e-05	237.73290776840489
-1.20936e-05	237.80584053598395
-1.20744e-05	237.87862498038288
-1.20552e-05	237.95126123734192
-1.2036e-05	238.02374944289477
-1.20168e-05	238.0960897318171
-1.19976e-05	238.16828223897045
-1.19784e-05	238.2403270985636
-1.1959199999999999e-05	238.31222444431964
-1.194e-05	238.3839744093266
-1.19208e-05	238.45557712687804
-1.19016e-05	238.5270327290649
-1.18824e-05	238.59834134808992
-1.18632e-05	238.66950311522768
-1.1843999999999999e-05	238.74051816156904
-1.1824799999999999e-05	238.81138661817397
-1.18056e-05	238.88210861489
-1.17864e-05	238.9526842813679
-1.17672e-05	239.02311374730854
-1.1747999999999998e-05	239.0933971414572
-1.1728799999999999e-05	239.16353459246847
-1.1709599999999999e-05	239.23352622827593
-1.1690399999999999e-05	239.3033721764997
-1.16712e-05	239.373072564615
-1.1651999999999998e-05	239.44262751922284
-1.16328e-05	239.51203716721884
-1.16136e-05	239.58130163414845
-1.15944e-05	239.6504210459533
-1.15752e-05	239.71939552797946
-1.1555999999999999e-05	239.78822520485906
-1.15368e-05	239.85691020099483
-1.15176e-05	239.92545064071177
-1.14984e-05	239.99384664767013
-1.14792e-05	240.0620983451373
-1.146e-05	240.13020585610914
-1.1440799999999999e-05	240.19816930303358
-1.14216e-05	240.26598880804352
-1.14024e-05	240.33366449324689
-1.13832e-05	240.4011964796064
-1.1364e-05	240.46858488843085
-1.1344799999999999e-05	240.53582984028625
-1.1325599999999999e-05	240.60293145544046
-1.1306399999999999e-05	240.66988985359944
-1.12872e-05	240.73670515464403
-1.1268e-05	240.80337747750437
-1.1248799999999998e-05	240.86990694084076
-1.1229599999999998e-05	240.93629366318623
-1.1210399999999999e-05	241.0025377623063
-1.11912e-05	241.0686393557843
-1.1172e-05	241.13459856111976
-1.11528e-05	241.20041549470096
-1.11336e-05	241.26609027338614
-1.11144e-05	241.3316230129924
-1.10952e-05	241.39701382919165
-1.1076e-05	241.46226283704115
-1.10568e-05	241.52737015177468
-1.1037599999999999e-05	241.59233588771303
-1.10184e-05	241.65716015896626
-1.09992e-05	241.72184307928887
-1.098e-05	241.78638476187638
-1.09608e-05	241.8507853197409
-1.0941599999999999e-05	241.91504486540444
-1.0922399999999999e-05	241.9791635110817
-1.09032e-05	242.04314136862345
-1.0884e-05	242.10697854939377
-1.08648e-05	242.1706751642065
-1.0845599999999998e-05	242.23423132420393
-1.0826399999999999e-05	242.29764713916146
-1.0807199999999999e-05	242.36092271944332
-1.0787999999999999e-05	242.42405817440408
-1.07688e-05	242.48705361308586
-1.0749599999999998e-05	242.5499091445717
-1.07304e-05	242.6126248771688
-1.07112e-05	242.67520091895847
-1.0692e-05	242.73763737803276
-1.06728e-05	242.7999343613917
-1.06536e-05	242.86209197619817
-1.06344e-05	242.9241103293452
-1.06152e-05	242.98598952718945
-1.0596e-05	243.04772967567172
-1.05768e-05	243.10933088057473
-1.05576e-05	243.17079324723196
-1.0538399999999999e-05	243.23211688057768
-1.05192e-05	243.29330188559553
-1.05e-05	243.3543483662783
-1.04808e-05	243.41525642711548
-1.04616e-05	243.47602617147302
-1.0442399999999998e-05	243.53665770303144
-1.0423199999999999e-05	243.59715112461456
-1.0403999999999999e-05	243.6575065390292
-1.03848e-05	243.71772404869944
-1.03656e-05	243.77780375560525
-1.0346399999999998e-05	243.83774576175645
-1.0327199999999998e-05	243.89755016817634
-1.0307999999999999e-05	243.95721707649213
-1.02888e-05	244.01674658682757
-1.02696e-05	244.0761387998415
-1.0250400000000001e-05	244.13539381554997
-1.02312e-05	244.19451173377317
-1.0212e-05	244.25349265374103
-1.01928e-05	244.31233667473538
-1.01736e-05	244.37104389492114
-1.01544e-05	244.42961441293124
-1.0135199999999999e-05	244.48804832664115
-1.0116e-05	244.5463457337258
-1.00968e-05	244.60450673111197
-1.00776e-05	244.66253141578736
-1.00584e-05	244.72041988427617
-1.0039199999999999e-05	244.77817223248388
-1.0019999999999999e-05	244.83578855611475
-1.00008e-05	244.89326895040193
-9.9816e-06	244.9506135102118
-9.9624e-06	245.0078223301493
-9.943199999999998e-06	245.06489550404615
-9.923999999999998e-06	245.12183312566933
-9.904799999999999e-06	245.17863528816935
-9.885599999999999e-06	245.2353020841367
-9.8664e-06	245.29183360611634
-9.847200000000001e-06	245.34822994572082
-9.828e-06	245.40449119442442
-9.8088e-06	245.46061744323262
-9.7896e-06	245.5166087822727
-9.7704e-06	245.5724653014489
-9.7512e-06	245.628187090165
-9.732e-06	245.68377423735225
-9.7128e-06	245.73922683071572
-9.6936e-06	245.79454495838007
-9.6744e-06	245.8497287070361
-9.6552e-06	245.9047781630511
-9.635999999999999e-06	245.9596934121481
-9.616799999999999e-06	246.01447453914227
-9.5976e-06	246.06912162828917
-9.5784e-06	246.12363476266358
-9.5592e-06	246.17801402509102
-9.539999999999998e-06	246.23225949683052
-9.520799999999999e-06	246.28637125865862
-9.501599999999999e-06	246.3403493903608
-9.4824e-06	246.3941939700591
-9.4632e-06	246.44790507543698
-9.444e-06	246.50148278228716
-9.424799999999998e-06	246.55492716533706
-9.405599999999999e-06	246.60823829801097
-9.3864e-06	246.66141625186455
-9.3672e-06	246.71446109717817
-9.348000000000001e-06	246.76737290187424
-9.3288e-06	246.82015173245298
-9.3096e-06	246.87279765294056
-9.2904e-06	246.9253107255471
-9.2712e-06	246.97769100944012
-9.252e-06	247.0299385616138
-9.232799999999999e-06	247.08205343614634
-9.2136e-06	247.13403568369998
-9.1944e-06	247.18588535218115
-9.1752e-06	247.23760248535345
-9.156e-06	247.2891871233493
-9.136799999999999e-06	247.34063930215248
-9.117599999999999e-06	247.39195905309458
-9.098399999999999e-06	247.4431464024566
-9.0792e-06	247.49420137139236
-9.06e-06	247.54512397516592
-9.0408e-06	247.59591422291606
-9.021599999999998e-06	247.64657211702115
-9.002399999999999e-06	247.69709765253083
-8.983199999999999e-06	247.74749081671337
-8.964e-06	247.79775158814988
-8.944800000000001e-06	247.84787993649942
-8.9256e-06	247.89787582118612
-8.9064e-06	247.9477391911316
-8.8872e-06	247.99746998359407
-8.868e-06	248.04706812350693
-8.8488e-06	248.09653352155868
-8.8296e-06	248.14586607491225
-8.8104e-06	248.19506566413708
-8.7912e-06	248.24413215335503
-8.772e-06	248.29306538807847
-8.7528e-06	248.34186519399108
-8.733599999999999e-06	248.39053137589434
-8.714399999999999e-06	248.43906371519202
-8.6952e-06	248.48746196871045
-8.676e-06	248.53572586674517
-8.6568e-06	248.5838551107991
-8.6376e-06	248.63184937138465
-8.618399999999999e-06	248.67970828613213
-8.599199999999999e-06	248.727431456586
-8.58e-06	248.77501844603665
-8.5608e-06	248.82246877632258
-8.5416e-06	248.86978192487294
-8.522399999999998e-06	248.91695732153644
-8.503199999999998e-06	248.96399434484135
-8.484e-06	249.01089231804698
-8.4648e-06	249.05765050587317
-8.445600000000001e-06	249.10426810895942
-8.4264e-06	249.15074426093898
-8.4072e-06	249.19707802154576
-8.388e-06	249.2432683730432
-8.3688e-06	249.2893142142159
-8.3496e-06	249.33521435389017
-8.330399999999999e-06	249.38096750509234
-8.3112e-06	249.42657227828457
-8.292e-06	249.4720271742018
-8.2728e-06	249.51733057625742
-8.2536e-06	249.562480742359
-8.2344e-06	249.607475796139
-8.215199999999999e-06	249.65231371864942
-8.195999999999999e-06	249.69699233766565
-8.1768e-06	249.7415093180346
-8.1576e-06	249.78586215055174
-8.1384e-06	249.83004814031753
-8.119199999999998e-06	249.87406439502593
-8.099999999999999e-06	249.91790781127753
-8.080799999999999e-06	249.96157506158445
-8.0616e-06	250.0050625791083
-8.042400000000001e-06	250.0483665427841
-8.0232e-06	250.09148286131162
-8.004e-06	250.13440715534443
-7.9848e-06	250.17713473979134
-7.9656e-06	250.21966060458809
-7.946399999999999e-06	250.26197939498078
-7.9272e-06	250.30408538920364
-7.908e-06	250.3459724773221
-7.8888e-06	250.3876341364517
-7.8696e-06	250.42906340683632
-7.850399999999999e-06	250.47025286494514
-7.831199999999999e-06	250.51119459640498
-7.812e-06	250.55188016673122
-7.7928e-06	250.59230059118315
-7.7736e-06	250.63244630225626
-7.7544e-06	250.67230711685352
-7.7352e-06	250.7118722003456
-7.716e-06	250.75113002996966
-7.696799999999999e-06	250.7900683562167
-7.677599999999999e-06	250.82867416182765
-7.6584e-06	250.86693362012375
-7.6392e-06	250.90483204898442
-7.62e-06	250.94235386595474
-7.600799999999999e-06	250.9794825390092
-7.5815999999999995e-06	251.01620053502836
-7.5624e-06	251.05248926780342
-7.543199999999999e-06	251.0883290420637
-7.5239999999999995e-06	251.12369899587182
-7.5048e-06	251.158577039613
-7.485599999999999e-06	251.19293979455801
-7.4664e-06	251.22676252667011
-7.4472e-06	251.2600190780477
-7.428e-06	251.29268179742974
-7.4088e-06	251.32472146544092
-7.3895999999999995e-06	251.35610721846274
-7.3704e-06	251.38680646958323
-7.3512e-06	251.41678482580733
-7.3319999999999994e-06	251.44600600294876
-7.3128e-06	251.47443173650038
-7.293599999999999e-06	251.50202169060015
-7.274399999999999e-06	251.52873336250548
-7.2552e-06	251.55452198477997
-7.236e-06	251.5793404233713
-7.2168e-06	251.6031390729839
-7.1976e-06	251.6258657488061
-7.1784e-06	251.64746557399008
-7.1592e-06	251.6678808655748
-7.139999999999999e-06	251.68705101499438
-7.1208e-06	251.70491236565297
-7.1016e-06	251.72139808764695
-7.082399999999999e-06	251.73643804797672
-7.0631999999999996e-06	251.74995867784793
-7.043999999999999e-06	251.76188283557818
-7.024799999999999e-06	251.7721296672149
-7.0056e-06	251.78061446259534
-6.9864e-06	251.78724850829616
-6.9672e-06	251.7919389363806
-6.948e-06	251.79458857125425
-6.9288e-06	251.7950957709662
-6.9096e-06	251.7933542672611
-6.890399999999999e-06	251.7892530007797
-6.8711999999999995e-06	251.78267595328364
-6.852e-06	251.77350197734532
-6.832799999999999e-06	251.76160462222177
-6.8135999999999994e-06	251.74685195728495
-6.7944000000000005e-06	251.72910639157905
-6.7752e-06	251.7082244922954
-6.756e-06	251.6840567981374
-6.7368e-06	251.65644763217446
-6.7176e-06	251.62523491169327
-6.6984e-06	251.590249955049
-6.6791999999999995e-06	251.5513172871229
-6.66e-06	251.50825444235934
-6.640799999999999e-06	251.46087176600204
-6.621599999999999e-06	251.40897221443177
-6.6024e-06	251.35235115227806
-6.583199999999999e-06	251.2907961506351
-6.564e-06	251.22408678168043
-6.5448000000000004e-06	251.15199441388748
-6.5256e-06	251.07428200632376
-6.5064e-06	250.99070390267644
-6.4871999999999995e-06	250.90100562357642
-6.468e-06	250.8049236602118
-6.4488e-06	250.702185268761
-6.429599999999999e-06	250.592508262231
-6.4104e-06	250.4756008061292
-6.3912e-06	250.35116121328562
-6.371999999999999e-06	250.21887773883088
-6.3527999999999996e-06	250.07842837895336
-6.3336e-06	249.9294806685923
-6.3144e-06	249.77169148140854
-6.2952e-06	249.6047068323601
-6.276e-06	249.42816168114453
-6.2568e-06	249.24167973841344
-6.237599999999999e-06	249.04487327429214
-6.2184e-06	248.83734292866322
-6.1992e-06	248.6186775246021
-6.179999999999999e-06	248.3884538846492
-6.1607999999999995e-06	248.14623664897226
-6.1416e-06	247.89157809698963
-6.122399999999999e-06	247.62401797140166
-6.1032e-06	247.3430833056716
-6.084e-06	247.04828825343606
-6.0648e-06	246.73913392094494
-6.0456e-06	246.41510820282005
-6.0264e-06	246.07568561878398
-6.0072e-06	245.72032715362502
-5.988e-06	245.34848009962792
-5.9687999999999995e-06	244.95957789886177
-5.9496e-06	244.5530399888787
-5.930399999999999e-06	244.12827164752196
-5.911199999999999e-06	243.68466383930382
-5.892e-06	243.22159306053726
-5.8728e-06	242.73842118423352
-5.8536e-06	242.23449530294698
-5.8343999999999996e-06	241.70914756813596
-5.8152e-06	241.16169502805684
-5.796e-06	240.59143945825178
-5.7767999999999995e-06	239.9976671874165
-5.7576e-06	239.37964891581018
-5.7384e-06	238.73663952369222
-5.719199999999999e-06	238.06787786951915
-5.7e-06	237.37258657488158
-5.680799999999999e-06	236.64997179502464
-5.661599999999999e-06	235.89922296965287
-5.6424e-06	235.11951255746447
-5.6232e-06	234.30999574188883
-5.604e-06	233.46981011502245
-5.5848e-06	232.59807532745754
-5.5656e-06	231.69389270633937
-5.5464e-06	230.75634483004663
-5.527199999999999e-06	229.78449506227386
-5.508e-06	228.77738703324525
-5.4888e-06	227.7340440644322
-5.469599999999999e-06	226.65346852919166
-5.4503999999999995e-06	225.5346411399246
-5.431199999999999e-06	224.37652015627546
-5.412e-06	223.17804049825824
-5.3928e-06	221.9381127588447
-5.3736e-06	220.65562209823509
-5.3544e-06	219.3294270081021
-5.3352e-06	217.9583579284542
-5.316e-06	216.54121569784388
-5.2968e-06	215.07676981453497
-5.277599999999999e-06	213.56375648744213
-5.2583999999999995e-06	212.00087644571764
-5.2392e-06	210.3867924752581
-5.219999999999999e-06	208.7201266494582
-5.2008e-06	206.99945720413513
-5.1816000000000005e-06	205.2233150164757
-5.1624e-06	203.39017962435838
-5.1432e-06	201.4984747236454
-5.1239999999999996e-06	199.54656306495653
-5.1048e-06	197.53274065895604
-5.0856e-06	195.4552301850911
-5.0663999999999995e-06	193.31217347547968
-5.0472e-06	191.1016229272108
-5.027999999999999e-06	188.82153166120287
-5.008799999999999e-06	186.46974221610353
-4.9896e-06	184.04397351929552
-4.9704e-06	181.5418058204088
-4.9512e-06	178.96066321027624
-4.932e-06	176.297793256365
-4.9128e-06	173.5502431777345
-4.8936e-06	170.7148318503782
-4.8743999999999994e-06	167.78811673991774
-4.8552e-06	164.766354636589
-4.836e-06	161.6454547543173
-4.816799999999999e-06	158.42092234633316
-4.7976e-06	155.08779044137276
-4.7784e-06	151.6405365594412
-4.759199999999999e-06	148.07298023905253
-4.74e-06	144.37815577213723
-4.7208e-06	140.54815250858803
-4.7016e-06	136.57391216132635
-4.6824e-06	132.44496821681093
-4.6632e-06	128.14910607436968
-4.644e-06	123.67191255969699
-4.624799999999999e-06	118.99616768440637
-4.6056e-06	114.10100585805885
-4.5864e-06	108.96073045894983
-4.567199999999999e-06	103.54308967801232
-4.5479999999999995e-06	97.80668170535431
-4.528800000000001e-06	91.69688499587568
-4.5096e-06	85.13914158732254
-4.4904e-06	78.02713200373113
-4.4712e-06	70.2001122658939
-4.452e-06	61.39407879686357
-4.4328e-06	51.116449550567
-4.4135999999999996e-06	38.21245775548154
-4.3944e-06	17.67282144594051
-4.3752e-06	6.541869126153999e-10
-4.3559999999999995e-06	-1.7005409470617603e-10
-4.3368e-06	-1.0366067203309292e-10
-4.317599999999999e-06	-4.607748440102668e-11
-4.2984e-06	2.567901053721513e-11
-4.2792000000000005e-06	-6.146460180302503e-12
-4.26e-06	8.723640826355196e-12
-4.2408e-06	-5.45245330412599e-11
-4.2215999999999995e-06	-1.1663444456908481e-11
-4.2024e-06	2.543427457945006e-11
-4.1832e-06	-2.4650725755207203e-11
-4.1639999999999994e-06	1.0811494706537239e-11
-4.1448e-06	-1.8508029699553677e-11
-4.1256e-06	2.0945509547723412e-11
-4.106399999999999e-06	-2.9691360804327454e-11
-4.0872e-06	3.4656219512225825e-12
-4.068e-06	1.238289807023381e-11
-4.0488e-06	-3.720294692404003e-11
-4.0296e-06	-5.925396850535335e-13
-4.0104e-06	1.4058465780620107e-11
-3.9912e-06	-5.2845083730293e-12
-3.971999999999999e-06	-2.3091717465128777e-12
-3.9528e-06	8.547106710584355e-12
-3.9336e-06	-1.0356567435518424e-11
-3.9144e-06	2.72446407227427e-11
-3.8951999999999996e-06	-3.2228979428474023e-12
-3.876e-06	-3.492003587228363e-12
-3.856799999999999e-06	-5.7616586713407945e-12
-3.8376e-06	7.627248306069582e-12
-3.8184e-06	6.452849372766009e-12
-3.7991999999999996e-06	-1.262914759164418e-11
-3.78e-06	-2.6990465341285915e-12
-3.7608e-06	4.592568717401703e-12
-3.7416e-06	-8.415385472962872e-12
-3.7223999999999997e-06	-1.0143255201660066e-12
-3.7031999999999995e-06	1.6207357792098956e-11
