-3.39816e-05	1.5754316024223756
-3.39624e-05	1.6045418420958817
-3.39432e-05	1.6341592357286396
-3.3923999999999996e-05	1.6642919059071155
-3.39048e-05	1.694948088176411
-3.388559999999999e-05	1.726136127743471
-3.38664e-05	1.7578644897405111
-3.38472e-05	1.7901417583850445
-3.3828e-05	1.8229766272283372
-3.3808799999999994e-05	1.8563779147232176
-3.37896e-05	1.890354552916668
-3.37704e-05	1.9249155979801966
-3.3751199999999996e-05	1.9600702342497267
-3.3731999999999995e-05	1.99582774949394
-3.37128e-05	2.0321975700955934
-3.36936e-05	2.069189247103817
-3.36744e-05	2.106812455857104
-3.3655199999999996e-05	2.145076992783451
-3.3636e-05	2.183992785155284
-3.361679999999999e-05	2.223569895718881
-3.35976e-05	2.2638185059304003
-3.3578400000000004e-05	2.3047489316495064
-3.3559199999999995e-05	2.3463716218069686
-3.354e-05	2.388697168514787
-3.35208e-05	2.431736275552686
-3.3501600000000005e-05	2.4754998002544135
-3.3482399999999996e-05	2.519998715526966
-3.34632e-05	2.5652441644552098
-3.3444e-05	2.611247386902112
-3.34248e-05	2.658019786709808
-3.34056e-05	2.705572901776449
-3.33864e-05	2.7539184012079914
-3.3367199999999995e-05	2.8030681069312964
-3.3348e-05	2.8530339707272194
-3.33288e-05	2.9038280887473427
-3.3309600000000004e-05	2.95546270918975
-3.3290399999999996e-05	3.0079502118861705
-3.32712e-05	3.061303121895422
-3.3252e-05	3.1155341145275277
-3.32328e-05	3.1706560065222367
-3.3213599999999997e-05	3.226681757118288
-3.31944e-05	3.2836244710563474
-3.3175199999999994e-05	3.3414974066084806
-3.3156e-05	3.4003139618662828
-3.31368e-05	3.460087685620037
-3.31176e-05	3.520832272233534
-3.3098399999999995e-05	3.5825615574365455
-3.30792e-05	3.6452895384656694
-3.306e-05	3.709030344911878
-3.30408e-05	3.7737982667543246
-3.3021599999999996e-05	3.839607735791008
-3.30024e-05	3.9064733267209917
-3.298319999999999e-05	3.9744097826331797
-3.2964e-05	4.0434319563163745
-3.29448e-05	4.113554890840618
-3.29256e-05	4.184793741442844
-3.2906399999999994e-05	4.257163834439068
-3.28872e-05	4.330680633688773
-3.2868e-05	4.405359739641584
-3.2848799999999996e-05	4.481216915364562
-3.2829599999999995e-05	4.558268055519623
-3.28104e-05	4.636529203965146
-3.27912e-05	4.716016548800808
-3.2772e-05	4.796746413287311
-3.2752799999999996e-05	4.878735273223215
-3.27336e-05	4.961999735273686
-3.271439999999999e-05	5.046556551626338
-3.26952e-05	5.132422606164787
-3.2676000000000004e-05	5.219614923494242
-3.2656799999999995e-05	5.308150664910347
-3.26376e-05	5.3980471194139055
-3.26184e-05	5.489321712338172
-3.2599200000000005e-05	5.581991997261495
-3.2579999999999996e-05	5.67607566569057
-3.25608e-05	5.771590513873754
-3.25416e-05	5.868554480203738
-3.25224e-05	5.966985627621567
-3.25032e-05	6.066902125612144
-3.2484e-05	6.168322265509349
-3.2464799999999995e-05	6.271264461638632
-3.24456e-05	6.375747223045573
-3.24264e-05	6.481789194708114
-3.2407200000000004e-05	6.589409094939439
-3.2387999999999996e-05	6.698625772951226
-3.23688e-05	6.809458162676389
-3.23496e-05	6.921925299038441
-3.23304e-05	7.036046311755442
-3.2311199999999997e-05	7.151840422885239
-3.2292e-05	7.269326917603511
-3.2272799999999994e-05	7.388525200964676
-3.22536e-05	7.50945471651092
-3.22344e-05	7.632135016385014
-3.22152e-05	7.756585681901207
-3.2195999999999995e-05	7.882826396622135
-3.21768e-05	8.010876875923366
-3.21576e-05	8.140756904331822
-3.21384e-05	8.272486305020786
-3.2119199999999996e-05	8.406084955610467
-3.21e-05	8.54157276840701
-3.20808e-05	8.678969666751799
-3.20616e-05	8.818295638517654
-3.20424e-05	8.959570668833715
-3.20232e-05	9.102814756170359
-3.2003999999999994e-05	9.248047910999082
-3.19848e-05	9.395290149141506
-3.19656e-05	9.544561469678733
-3.1946399999999996e-05	9.695881867841877
-3.1927199999999995e-05	9.849271327035636
-3.1908e-05	10.004749787016742
-3.18888e-05	10.162337144196098
-3.18696e-05	10.322053294618033
-3.1850399999999996e-05	10.483918030039852
-3.1831199999999994e-05	10.647951128808451
-3.1812e-05	10.81417226665782
-3.17928e-05	10.982601074961782
-3.17736e-05	11.153257075106117
-3.17544e-05	11.326159702976213
-3.17352e-05	11.501328309003174
-3.1716e-05	11.678782103931688
-3.16968e-05	11.858540186739837
-3.16776e-05	12.040621535187434
-3.16584e-05	12.225044976793457
-3.16392e-05	12.411829198498367
-3.162e-05	12.600992700372164
-3.16008e-05	12.792553846807483
-3.15816e-05	12.986530785923946
-3.15624e-05	13.182941488679253
-3.15432e-05	13.381803721801232
-3.1524e-05	13.583135036998131
-3.15048e-05	13.7869527519568
-3.14856e-05	13.99327395771568
-3.14664e-05	14.202115480167045
-3.14472e-05	14.41349388396288
-3.1428e-05	14.62742549886538
-3.1408799999999996e-05	14.843926295445259
-3.13896e-05	15.063012012801666
-3.13704e-05	15.28469805664134
-3.13512e-05	15.50899949949879
-3.1332e-05	15.735931089362367
-3.1312799999999996e-05	15.9655072296947
-3.12936e-05	16.19774195750338
-3.12744e-05	16.432648929236194
-3.12552e-05	16.67024144401216
-3.1236e-05	16.910532357754754
-3.1216799999999996e-05	17.153534150473682
-3.11976e-05	17.39925886416035
-3.11784e-05	17.647718107479935
-3.11592e-05	17.89892302797643
-3.114e-05	18.152884313247473
-3.1120799999999995e-05	18.40961218851101
-3.11016e-05	18.669116365622816
-3.10824e-05	18.931406070224472
-3.10632e-05	19.196489999940194
-3.1043999999999996e-05	19.464376336208883
-3.1024799999999995e-05	19.735072706364452
-3.10056e-05	20.008586201317986
-3.09864e-05	20.284923319829133
-3.09672e-05	20.564090007965554
-3.0947999999999996e-05	20.846091606600943
-3.0928799999999994e-05	21.13093284220251
-3.09096e-05	21.41861785967468
-3.08904e-05	21.709150136845473
-3.0871200000000004e-05	22.002532546270736
-3.0852e-05	22.298767287769458
-3.08328e-05	22.59785590558297
-3.08136e-05	22.89979928773703
-3.07944e-05	23.204597625895392
-3.07752e-05	23.512250407296495
-3.0756e-05	23.822756455254442
-3.07368e-05	24.136113839006605
-3.07176e-05	24.45231992797555
-3.06984e-05	24.771371358914063
-3.06792e-05	25.09326404633802
-3.066e-05	25.417993127068414
-3.06408e-05	25.745553003927785
-3.06216e-05	26.075937308250573
-3.06024e-05	26.409138924439613
-3.05832e-05	26.745149945487505
-3.0564e-05	27.083961694409442
-3.05448e-05	27.425564694956254
-3.05256e-05	27.769948693033303
-3.0506399999999996e-05	28.11710264443425
-3.04872e-05	28.467014701672774
-3.0467999999999997e-05	28.819672217659296
-3.0448799999999996e-05	29.17506174907218
-3.04296e-05	29.533169033264798
-3.04104e-05	29.893979014503444
-3.03912e-05	30.25747584857114
-3.0372e-05	30.623642835249754
-3.03528e-05	30.992462524088257
-3.03336e-05	31.36391661972336
-3.03144e-05	31.73798605390581
-3.02952e-05	32.11465093240894
-3.0276e-05	32.49389060384717
-3.0256799999999998e-05	32.875683571782695
-3.02376e-05	33.2600075935239
-3.02184e-05	33.64683962878709
-3.01992e-05	34.036155877083885
-3.018e-05	34.42793173098366
-3.0160799999999998e-05	34.822141875569336
-3.01416e-05	35.21876018993047
-3.0122399999999998e-05	35.6177598419936
-3.01032e-05	36.01911325978076
-3.0084e-05	36.42279212547599
-3.00648e-05	36.82876743974789
-3.00456e-05	37.237009467895646
-3.0026399999999998e-05	37.64748782217914
-3.00072e-05	38.06017139417374
-2.9987999999999998e-05	38.47502844541432
-2.99688e-05	38.892026562925224
-2.99496e-05	39.311132732663836
-2.9930399999999997e-05	39.73231327914727
-2.99112e-05	40.155533959299724
-2.9891999999999998e-05	40.58075991210723
-2.98728e-05	41.00795572681378
-2.9853599999999998e-05	41.437085442358836
-2.9834399999999997e-05	41.86811254262515
-2.98152e-05	42.30100001110453
-2.9795999999999997e-05	42.73571034328115
-2.97768e-05	43.17220553564152
-2.9757599999999998e-05	43.610447134880815
-2.9738399999999996e-05	44.050396266985025
-2.9719199999999998e-05	44.49201361768553
-2.9699999999999997e-05	44.935259495016304
-2.96808e-05	45.380093832608566
-2.9661599999999997e-05	45.82647620525222
-2.9642399999999996e-05	46.27436585642977
-2.9623199999999998e-05	46.72372173180089
-2.9603999999999996e-05	47.17450249797552
-2.95848e-05	47.626666542662456
-2.9565599999999997e-05	48.08017202620672
-2.9546399999999995e-05	48.53497688920562
-2.95272e-05	48.991038880125735
-2.9508e-05	49.44831558926399
-2.94888e-05	49.906764441271264
-2.94696e-05	50.36634274705222
-2.94504e-05	50.82700773382642
-2.94312e-05	51.288716526613
-2.9412e-05	51.75142621493618
-2.93928e-05	52.21509386183777
-2.93736e-05	52.679676490299485
-2.9354399999999998e-05	53.14513120201964
-2.93352e-05	53.61141507622624
-2.9316e-05	54.07848528763208
-2.92968e-05	54.546299084956985
-2.92776e-05	55.01481383574799
-2.92584e-05	55.483987007069665
-2.92392e-05	55.95377624026832
-2.9219999999999998e-05	56.42413933562143
-2.92008e-05	56.89503428193121
-2.91816e-05	57.36641930168782
-2.91624e-05	57.83825281687763
-2.91432e-05	58.310493512976635
-2.9123999999999998e-05	58.783100348252745
-2.91048e-05	59.25603256689395
-2.9085599999999998e-05	59.72924973779869
-2.90664e-05	60.2027117005253
-2.90472e-05	60.67637871576364
-2.9027999999999997e-05	61.150211325755365
-2.90088e-05	61.624170494231876
-2.8989599999999998e-05	62.09821756308343
-2.89704e-05	62.57231428308763
-2.8951199999999998e-05	63.04642279932368
-2.8931999999999997e-05	63.52050573711166
-2.89128e-05	63.9945261216989
-2.8893599999999997e-05	64.46844747228808
-2.88744e-05	64.9422337697286
-2.8855199999999998e-05	65.41584946815466
-2.8835999999999996e-05	65.88925952324071
-2.8816799999999998e-05	66.36242939827798
-2.8797599999999997e-05	66.8353250954447
-2.87784e-05	67.30791307740525
-2.8759199999999997e-05	67.78016041712833
-2.8739999999999996e-05	68.25203465307466
-2.8720799999999998e-05	68.72350394906113
-2.8701599999999996e-05	69.19453695935638
-2.86824e-05	69.6651029394023
-2.8663199999999997e-05	70.1351716937936
-2.8643999999999995e-05	70.60471361294246
-2.86248e-05	71.07369965400896
-2.86056e-05	71.542101344906
-2.85864e-05	72.00989084050583
-2.85672e-05	72.4770408328689
-2.8548e-05	72.94352463808438
-2.85288e-05	73.409316150207
-2.85096e-05	73.87438985642166
-2.84904e-05	74.33872084626765
-2.84712e-05	74.80228480328402
-2.8452e-05	75.26505799270858
-2.84328e-05	75.7270172871425
-2.84136e-05	76.1881401541379
-2.83944e-05	76.64840464402187
-2.83752e-05	77.10778939854953
-2.8356e-05	77.56627365043681
-2.83368e-05	78.02383721513951
-2.8317599999999998e-05	78.48046049745163
-2.82984e-05	78.93612446125096
-2.82792e-05	79.39081066935047
-2.826e-05	79.84450124457088
-2.82408e-05	80.297178870202
-2.8221599999999998e-05	80.7488267973759
-2.82024e-05	81.1994288370349
-2.8183199999999998e-05	81.64896934343508
-2.8164e-05	82.09743321587877
-2.81448e-05	82.5448059077951
-2.8125599999999997e-05	82.99107339072269
-2.81064e-05	83.43622216660327
-2.8087199999999998e-05	83.8802392597176
-2.8068e-05	84.32311221190957
-2.8048799999999998e-05	84.76482907456212
-2.8029599999999997e-05	85.20537838548223
-2.80104e-05	85.64474918533128
-2.7991199999999997e-05	86.08293100643907
-2.7972e-05	86.51991383945942
-2.7952799999999998e-05	86.95568817016442
-2.7933599999999996e-05	87.3902449293685
-2.7914399999999998e-05	87.8235755036076
-2.7895199999999997e-05	88.25567173868939
-2.7876e-05	88.6865259029066
-2.7856799999999997e-05	89.1161307090505
-2.7837599999999996e-05	89.54447928534768
-2.7818399999999998e-05	89.97156518149903
-2.7799199999999996e-05	90.39738233638404
-2.7779999999999998e-05	90.82192511353804
-2.7760799999999997e-05	91.24518824057493
-2.7741599999999995e-05	91.66716684832946
-2.77224e-05	92.08785641647539
-2.77032e-05	92.50725281794328
-2.7684e-05	92.9253522606573
-2.76648e-05	93.3421513189662
-2.7645600000000002e-05	93.75764687962109
-2.76264e-05	94.17183620330246
-2.76072e-05	94.58471683195384
-2.7588e-05	94.99628665154
-2.75688e-05	95.40654385130223
-2.75496e-05	95.81548691109309
-2.75304e-05	96.22311461936614
-2.75112e-05	96.62942602759328
-2.7492e-05	97.03442048251816
-2.74728e-05	97.43809759829588
-2.74536e-05	97.84045723724836
-2.74344e-05	98.24149952841299
-2.7415199999999998e-05	98.64122484695389
-2.7396e-05	99.03963379965575
-2.73768e-05	99.43672723754355
-2.73576e-05	99.83250622110855
-2.73384e-05	100.22697204262883
-2.7319199999999998e-05	100.62012620233745
-2.73e-05	101.01197040002336
-2.7280799999999998e-05	101.40250653977282
-2.72616e-05	101.79173671100267
-2.72424e-05	102.17966319620395
-2.7223199999999997e-05	102.56628844259878
-2.7204e-05	102.95161508524065
-2.7184799999999998e-05	103.33564592158562
-2.71656e-05	103.71838388898749
-2.7146399999999998e-05	104.09983211518217
-2.7127199999999997e-05	104.47999384560262
-2.7108e-05	104.8588724809974
-2.7088799999999997e-05	105.23647156034437
-2.70696e-05	105.6127947488628
-2.7050399999999998e-05	105.98784584821185
-2.7031199999999996e-05	106.36162876338966
-2.7011999999999998e-05	106.73414753974437
-2.6992799999999997e-05	107.10540630628253
-2.69736e-05	107.47540932360504
-2.6954399999999997e-05	107.84416094534183
-2.6935199999999996e-05	108.2116656035537
-2.6915999999999998e-05	108.57792785817266
-2.6896799999999996e-05	108.94295232781157
-2.6877599999999998e-05	109.30674372801298
-2.6858399999999997e-05	109.66930684794254
-2.6839200000000002e-05	110.03064655729239
-2.682e-05	110.39076780342357
-2.68008e-05	110.74967558005827
-2.67816e-05	111.10737496636298
-2.67624e-05	111.46387109192435
-2.6743200000000002e-05	111.81916914553454
-2.6724e-05	112.1732743664119
-2.67048e-05	112.52619204722953
-2.66856e-05	112.87792752437596
-2.66664e-05	113.22848618417724
-2.66472e-05	113.57787343949892
-2.6628e-05	113.92609475882574
-2.66088e-05	114.27315562846563
-2.65896e-05	114.61906157820795
-2.65704e-05	114.96381815631678
-2.65512e-05	115.30743095176834
-2.6532e-05	115.64990556003406
-2.6512799999999998e-05	115.99124761536784
-2.64936e-05	116.33146275316724
-2.64744e-05	116.67055664011964
-2.64552e-05	117.00853495022257
-2.6436e-05	117.34540337291735
-2.6416799999999998e-05	117.68116760159094
-2.63976e-05	118.01583334386578
-2.6378399999999998e-05	118.34940631098029
-2.63592e-05	118.68189222055912
-2.634e-05	119.01329678760884
-2.6320799999999997e-05	119.34362573531976
-2.63016e-05	119.67288477759294
-2.6282399999999998e-05	120.00107962906614
-2.62632e-05	120.32821600767986
-2.6243999999999998e-05	120.65429960845202
-2.6224799999999997e-05	120.97933614009922
-2.62056e-05	121.3033312850984
-2.6186399999999997e-05	121.62629072222289
-2.61672e-05	121.94822012289788
-2.6147999999999998e-05	122.26912514441466
-2.6128799999999996e-05	122.58901142574406
-2.6109599999999998e-05	122.90788459437591
-2.6090399999999997e-05	123.22575026669367
-2.60712e-05	123.54261403081757
-2.6051999999999997e-05	123.85848147050301
-2.60328e-05	124.17335813908514
-2.6013599999999998e-05	124.4872495782766
-2.5994399999999996e-05	124.80016130259483
-2.5975199999999998e-05	125.11209881011764
-2.5955999999999997e-05	125.42306757765705
-2.5936800000000002e-05	125.73307305358306
-2.59176e-05	126.04212067118179
-2.58984e-05	126.35021582700806
-2.58792e-05	126.6573639056473
-2.586e-05	126.96357025708832
-2.58408e-05	127.26884020910612
-2.58216e-05	127.57317906267262
-2.58024e-05	127.8765920943895
-2.57832e-05	128.1790845497867
-2.5764e-05	128.4806616419942
-2.57448e-05	128.7813285682254
-2.57256e-05	129.08109048283558
-2.57064e-05	129.37995252164887
-2.56872e-05	129.67791978319372
-2.5668e-05	129.97499734569328
-2.56488e-05	130.2711902460023
-2.56296e-05	130.56650350218626
-2.5610399999999998e-05	130.86094208877617
-2.55912e-05	131.15451095734443
-2.5572e-05	131.44721503522345
-2.55528e-05	131.7390592006099
-2.55336e-05	132.03004831624023
-2.5514399999999997e-05	132.32018720492144
-2.54952e-05	132.60948066759573
-2.5475999999999998e-05	132.89793345383418
-2.54568e-05	133.1855503012172
-2.54376e-05	133.47233590682492
-2.5418399999999997e-05	133.758294935589
-2.53992e-05	134.04343202174246
-2.5379999999999998e-05	134.3277517670767
-2.53608e-05	134.61125873789908
-2.5341599999999998e-05	134.8939574775314
-2.5322399999999997e-05	135.17585248438857
-2.53032e-05	135.45694823707476
-2.5283999999999997e-05	135.73724917024902
-2.52648e-05	136.01675969921396
-2.5245599999999998e-05	136.2954841935654
-2.52264e-05	136.5734269988679
-2.5207199999999998e-05	136.85059243142425
-2.5187999999999997e-05	137.1269847646321
-2.51688e-05	137.40260825159302
-2.5149599999999997e-05	137.67746710513364
-2.51304e-05	137.9515655129265
-2.5111199999999998e-05	138.22490762722612
-2.5091999999999996e-05	138.4974975668395
-2.5072799999999998e-05	138.76933942666489
-2.5053599999999997e-05	139.04043725845008
-2.5034400000000002e-05	139.31079509474813
-2.50152e-05	139.58041693089402
-2.4996e-05	139.8493067322574
-2.49768e-05	140.11746843462757
-2.49576e-05	140.38490593917072
-2.49384e-05	140.65162311921833
-2.49192e-05	140.91762382454544
-2.49e-05	141.18291185787157
-2.48808e-05	141.44749101072406
-2.48616e-05	141.71136503599442
-2.48424e-05	141.9745376516313
-2.48232e-05	142.23701255912786
-2.4804e-05	142.498793415784
-2.47848e-05	142.7598838652847
-2.47656e-05	143.02028750722027
-2.47464e-05	143.2800079238077
-2.47272e-05	143.53904866460684
-2.4707999999999998e-05	143.7974132511678
-2.46888e-05	144.0551051734526
-2.46696e-05	144.31212790191924
-2.46504e-05	144.56848486929664
-2.46312e-05	144.8241794903331
-2.4611999999999997e-05	145.07921514338884
-2.45928e-05	145.33359518765192
-2.4573599999999998e-05	145.58732294751096
-2.45544e-05	145.8404017275983
-2.45352e-05	146.0928348025722
-2.4515999999999997e-05	146.3446254215214
-2.44968e-05	146.59577680636602
-2.4477599999999998e-05	146.84629215611065
-2.44584e-05	147.09617464170293
-2.4439199999999998e-05	147.3454274073509
-2.442e-05	147.59405357355777
-2.44008e-05	147.84205623681737
-2.4381599999999997e-05	148.08943846694157
-2.43624e-05	148.3362033111168
-2.4343199999999998e-05	148.58235378807552
-2.4324e-05	148.8278928970497
-2.4304799999999998e-05	149.0728236107957
-2.4285599999999997e-05	149.31714887574685
-2.42664e-05	149.56087162064074
-2.4247199999999997e-05	149.80399474442635
-2.4228e-05	150.04652112944262
-2.4208799999999998e-05	150.2884536292089
-2.4189599999999996e-05	150.52979507401602
-2.4170399999999998e-05	150.77054827656696
-2.4151199999999997e-05	151.01071602330137
-2.4132e-05	151.25030108330148
-2.41128e-05	151.48930619262035
-2.40936e-05	151.72773407770413
-2.40744e-05	151.96558743395732
-2.40552e-05	152.20286894465644
-2.4036e-05	152.43958126179734
-2.40168e-05	152.67572702229214
-2.39976e-05	152.91130884041493
-2.39784e-05	153.14632931203545
-2.39592e-05	153.38079100685707
-2.394e-05	153.61469648108059
-2.39208e-05	153.84804826663463
-2.3901599999999998e-05	154.08084887217217
-2.38824e-05	154.3131007968342
-2.38632e-05	154.5448065084252
-2.3844e-05	154.77596846358622
-2.38248e-05	155.00658909654058
-2.3805599999999998e-05	155.23667082387797
-2.37864e-05	155.4662160388457
-2.37672e-05	155.6952271207204
-2.3748e-05	155.92370643126858
-2.37288e-05	156.1516563055812
-2.3709599999999997e-05	156.3790790750166
-2.36904e-05	156.6059770362892
-2.3671199999999998e-05	156.8323524807831
-2.3652e-05	157.05820767256657
-2.36328e-05	157.28354487097556
-2.36136e-05	157.5083663038226
-2.35944e-05	157.73267419206962
-2.3575199999999997e-05	157.95647073380366
-2.3556e-05	158.17975811450444
-2.3536799999999998e-05	158.40253849785913
-2.35176e-05	158.62481403839513
-2.34984e-05	158.84658686564583
-2.3479199999999997e-05	159.0678591001008
-2.346e-05	159.28863283988582
-2.3440799999999998e-05	159.50891017640717
-2.34216e-05	159.7286931723441
-2.3402399999999998e-05	159.9479838887078
-2.3383199999999997e-05	160.16678435940372
-2.3364e-05	160.38509661178105
-2.3344799999999997e-05	160.60292265260662
-2.33256e-05	160.8202644734448
-2.3306399999999998e-05	161.0371240558955
-2.3287199999999996e-05	161.25350336347162
-2.3267999999999998e-05	161.46940434258457
-2.3248799999999997e-05	161.6848289314246
-2.32296e-05	161.8997790470295
-2.3210399999999997e-05	162.114256598643
-2.3191199999999996e-05	162.3282634772636
-2.3172e-05	162.54180156150977
-2.31528e-05	162.7548727146936
-2.31336e-05	162.9674787884348
-2.31144e-05	163.17962162006452
-2.30952e-05	163.39130303396033
-2.3076e-05	163.6025248387187
-2.30568e-05	163.8132888320248
-2.30376e-05	164.0235968010792
-2.30184e-05	164.23345051235242
-2.2999199999999998e-05	164.44285172920726
-2.298e-05	164.65180219357848
-2.29608e-05	164.86030364364956
-2.29416e-05	165.06835779403804
-2.29224e-05	165.27596635767244
-2.2903199999999998e-05	165.48313102972602
-2.2884e-05	165.68985349550007
-2.28648e-05	165.8961354242739
-2.28456e-05	166.1019784778098
-2.28264e-05	166.30738430799934
-2.28072e-05	166.51235454634102
-2.2788e-05	166.71689082305588
-2.2768799999999998e-05	166.92099474912862
-2.27496e-05	167.12466792743746
-2.27304e-05	167.32791195239025
-2.27112e-05	167.53072840127274
-2.2692e-05	167.73311884585243
-2.2672799999999997e-05	167.9350848419584
-2.26536e-05	168.13662794086719
-2.2634399999999998e-05	168.3377496757861
-2.26152e-05	168.5384515770466
-2.2596e-05	168.73873515868445
-2.2576799999999997e-05	168.93860192548314
-2.25576e-05	169.13805337642464
-2.2538399999999998e-05	169.3370909921126
-2.25192e-05	169.53571625123703
-2.2499999999999998e-05	169.73393061907316
-2.2480799999999997e-05	169.93173554809232
-2.24616e-05	170.12913248232485
-2.2442399999999997e-05	170.3261228639347
-2.24232e-05	170.52270811433323
-2.2403999999999998e-05	170.71888965271327
-2.2384799999999996e-05	170.91466888175347
-2.2365599999999998e-05	171.1100472038925
-2.2346399999999997e-05	171.30502600303373
-2.23272e-05	171.4996066631479
-2.2307999999999997e-05	171.69379055153178
-2.2288799999999996e-05	171.8875790296752
-2.22696e-05	172.0809734503281
-2.22504e-05	172.27397515452637
-2.22312e-05	172.46658547842333
-2.2212e-05	172.65880574665462
-2.21928e-05	172.8506372756455
-2.21736e-05	173.0420813783351
-2.21544e-05	173.23313934798406
-2.21352e-05	173.42381248093247
-2.2116e-05	173.6141020537817
-2.20968e-05	173.80400934905805
-2.20776e-05	173.9935356278274
-2.20584e-05	174.182682151978
-2.20392e-05	174.37145016745234
-2.202e-05	174.55984091965428
-2.20008e-05	174.74785564205476
-2.19816e-05	174.9354955613998
-2.1962399999999998e-05	175.1227618947081
-2.19432e-05	175.30965585360315
-2.1924e-05	175.4961786432132
-2.19048e-05	175.68233145377687
-2.18856e-05	175.8681154810364
-2.1866399999999998e-05	176.05353189835088
-2.18472e-05	176.23858188175112
-2.1828e-05	176.42326659606067
-2.18088e-05	176.6075872004249
-2.17896e-05	176.79154484564208
-2.1770399999999997e-05	176.9751406776447
-2.17512e-05	177.1583758303467
-2.1731999999999998e-05	177.3412514365797
-2.17128e-05	177.52376861569226
-2.16936e-05	177.70592848670856
-2.1674399999999997e-05	177.88773216081398
-2.16552e-05	178.06918073617035
-2.1635999999999997e-05	178.25027531087724
-2.16168e-05	178.43101697254536
-2.1597599999999998e-05	178.61140680393999
-2.1578399999999997e-05	178.7914458834321
-2.15592e-05	178.97113527703644
-2.1539999999999997e-05	179.15047605022244
-2.15208e-05	179.3294692587826
-2.1501599999999998e-05	179.50811595353022
-2.1482399999999996e-05	179.6864171781772
-2.1463199999999998e-05	179.86437397035442
-2.1443999999999997e-05	180.04198736304315
-2.14248e-05	180.21925837897754
-2.1405599999999997e-05	180.3961880405644
-2.1386399999999996e-05	180.57277735883667
-2.13672e-05	180.74902734404782
-2.1348e-05	180.9249389961929
-2.13288e-05	181.10051331063664
-2.13096e-05	181.27575127671852
-2.1290400000000002e-05	181.45065388236318
-2.12712e-05	181.62522210014325
-2.1252e-05	181.7994569075115
-2.12328e-05	181.97335926798638
-2.12136e-05	182.14693014711
-2.11944e-05	182.32017049651836
-2.11752e-05	182.4930812689173
-2.1156e-05	182.66566340752487
-2.11368e-05	182.83791785478408
-2.11176e-05	183.0098455403551
-2.10984e-05	183.1814473966214
-2.10792e-05	183.35272434404513
-2.1059999999999998e-05	183.5236773017749
-2.10408e-05	183.69430718295447
-2.10216e-05	183.86461489488372
-2.10024e-05	184.0346013406388
-2.09832e-05	184.2042674151234
-2.0963999999999998e-05	184.37361401351524
-2.09448e-05	184.5426420207466
-2.09256e-05	184.71135232097325
-2.09064e-05	184.87974578958375
-2.08872e-05	185.0478233001705
-2.0867999999999997e-05	185.21558571903122
-2.08488e-05	185.38303391044016
-2.0829599999999998e-05	185.55016872972442
-2.08104e-05	185.7169910305757
-2.07912e-05	185.8835016634981
-2.0771999999999997e-05	186.04970146871307
-2.07528e-05	186.21559128888674
-2.0733599999999997e-05	186.3811719551519
-2.07144e-05	186.54644429875756
-2.0695199999999998e-05	186.71140914217443
-2.0675999999999997e-05	186.87606731092333
-2.06568e-05	187.04041961748936
-2.0637599999999997e-05	187.20446687459577
-2.06184e-05	187.36820988985136
-2.0599199999999998e-05	187.53164946613106
-2.0579999999999996e-05	187.69478640454633
-2.0560799999999998e-05	187.8576214960434
-2.0541599999999997e-05	188.02015553257448
-2.05224e-05	188.18238929958397
-2.0503199999999997e-05	188.34432357849988
-2.0484000000000002e-05	188.50595914818277
-2.04648e-05	188.66729678091528
-2.04456e-05	188.8283372469624
-2.04264e-05	188.98908131197817
-2.04072e-05	189.14952973604102
-2.0388000000000002e-05	189.3096832764298
-2.03688e-05	189.4695426881142
-2.03496e-05	189.62910871907408
-2.03304e-05	189.78838211577616
-2.03112e-05	189.94736361739234
-2.0292e-05	190.10605396357147
-2.02728e-05	190.26445388812405
-2.02536e-05	190.42256412137536
-2.02344e-05	190.58038538895377
-2.02152e-05	190.7379184119206
-2.0196e-05	190.89516390983505
-2.01768e-05	191.05212260059173
-2.0157599999999998e-05	191.2087951912997
-2.01384e-05	191.36518239205756
-2.01192e-05	191.5212849053054
-2.01e-05	191.67710343162574
-2.00808e-05	191.83263866820712
-2.0061599999999998e-05	191.98789130906044
-2.00424e-05	192.14286204041272
-2.0023199999999998e-05	192.29755155371723
-2.0004e-05	192.45196052604197
-1.99848e-05	192.6060896393383
-1.9965599999999997e-05	192.75993956885338
-1.99464e-05	192.9135109875544
-1.9927199999999998e-05	193.0668045629496
-1.9908e-05	193.21982095953803
-1.98888e-05	193.37256084141393
-1.9869599999999997e-05	193.52502486605977
-1.98504e-05	193.67721368889255
-1.9831199999999997e-05	193.8291279606264
-1.9812e-05	193.9807683342793
-1.9792799999999998e-05	194.13213545179676
-1.9773599999999996e-05	194.28322995437304
-1.97544e-05	194.43405248685582
-1.9735199999999997e-05	194.58460367991464
-1.9716e-05	194.73488416816312
-1.9696799999999997e-05	194.88489458177693
-1.96776e-05	195.03463554447305
-1.9658399999999998e-05	195.18410768462465
-1.9639199999999997e-05	195.3333116190027
-1.962e-05	195.48224796679946
-1.9600799999999997e-05	195.6309173426791
-1.9581600000000002e-05	195.77932035674672
-1.95624e-05	195.92745761867124
-1.95432e-05	196.07532973378486
-1.9524e-05	196.22293730442374
-1.95048e-05	196.3702809307856
-1.9485600000000002e-05	196.51736120999115
-1.94664e-05	196.6641787361188
-1.94472e-05	196.8107341007405
-1.9428e-05	196.9570278897052
-1.94088e-05	197.10306069179234
-1.93896e-05	197.24883308816825
-1.93704e-05	197.39434565930662
-1.93512e-05	197.53959898231372
-1.9332e-05	197.6845936320941
-1.93128e-05	197.82933018092976
-1.92936e-05	197.97380919687734
-1.92744e-05	198.11803124636657
-1.9255199999999998e-05	198.2619968948227
-1.9236e-05	198.40570670049664
-1.92168e-05	198.54916122465747
-1.91976e-05	198.6923610216079
-1.91784e-05	198.8353066439738
-1.9159199999999998e-05	198.97799864473384
-1.914e-05	199.12043757113472
-1.9120799999999998e-05	199.26262396715404
-1.91016e-05	199.40455837773234
-1.90824e-05	199.54624134236195
-1.9063199999999997e-05	199.6876733969839
-1.9044e-05	199.82885508000854
-1.9024799999999998e-05	199.9697869226246
-1.90056e-05	200.1104694570021
-1.89864e-05	200.25090320784972
-1.8967199999999997e-05	200.39108870244405
-1.8948e-05	200.53102646570608
-1.8928799999999997e-05	200.6707170143073
-1.89096e-05	200.81016086903335
-1.8890399999999998e-05	200.94935854515143
-1.88712e-05	201.08831055637486
-1.8852e-05	201.22701741266445
-1.8832799999999997e-05	201.36547962456322
-1.88136e-05	201.50369769508148
-1.8794399999999997e-05	201.64167213350248
-1.87752e-05	201.7794034369665
-1.8755999999999998e-05	201.91689210768183
-1.8736799999999997e-05	202.05413864149685
-1.87176e-05	202.19114353371896
-1.8698399999999997e-05	202.32790727711264
-1.8679200000000002e-05	202.4644303639894
-1.866e-05	202.60071328003045
-1.86408e-05	202.73675651304077
-1.86216e-05	202.87256054610165
-1.86024e-05	203.00812586276396
-1.8583200000000002e-05	203.14345294085365
-1.8564e-05	203.27854225934104
-1.85448e-05	203.41339429310585
-1.85256e-05	203.54800951577133
-1.85064e-05	203.68238839734755
-1.84872e-05	203.81653141080537
-1.8468e-05	203.9504390209148
-1.84488e-05	204.08411169181426
-1.84296e-05	204.2175498893188
-1.84104e-05	204.35075407246393
-1.83912e-05	204.4837247006976
-1.8372e-05	204.6164622330688
-1.8352799999999998e-05	204.74896712241596
-1.83336e-05	204.8812398232527
-1.83144e-05	205.01328078619937
-1.82952e-05	205.14509046010042
-1.8276e-05	205.276669294468
-1.8256799999999998e-05	205.40801773265082
-1.82376e-05	205.53913621882012
-1.8218399999999998e-05	205.6700251957218
-1.81992e-05	205.80068509990758
-1.818e-05	205.93111637119904
-1.8160799999999997e-05	206.06131944613523
-1.81416e-05	206.19129475817383
-1.8122399999999998e-05	206.32104273787948
-1.81032e-05	206.45056381820584
-1.8083999999999998e-05	206.5798584242417
-1.80648e-05	206.70892698563867
-1.80456e-05	206.83776992506262
-1.8026399999999997e-05	206.96638766611872
-1.80072e-05	207.09478062969166
-1.7987999999999998e-05	207.22294923581322
-1.79688e-05	207.35089390212227
-1.79496e-05	207.4786150423365
-1.7930399999999997e-05	207.60611307119618
-1.79112e-05	207.73338840135506
-1.7891999999999997e-05	207.86044144230053
-1.78728e-05	207.98727260439284
-1.7853599999999998e-05	208.11388229310145
-1.7834399999999996e-05	208.2402709130653
-1.78152e-05	208.36643886898815
-1.7795999999999997e-05	208.49238656410884
-1.7776800000000002e-05	208.61811439460476
-1.77576e-05	208.74362276136378
-1.77384e-05	208.86891205998316
-1.77192e-05	208.9939826866494
-1.77e-05	209.1188350339061
-1.7680800000000002e-05	209.24346949399228
-1.76616e-05	209.36788645651544
-1.76424e-05	209.49208631058644
-1.76232e-05	209.61606944251722
-1.7604e-05	209.73983623972237
-1.75848e-05	209.86338708411736
-1.75656e-05	209.98672235772094
-1.75464e-05	210.10984244216593
-1.75272e-05	210.23274771588765
-1.7508e-05	210.35543855676372
-1.74888e-05	210.4779153422044
-1.74696e-05	210.60017844317377
-1.7450399999999998e-05	210.72222823657887
-1.74312e-05	210.84406509286796
-1.7412e-05	210.96568938114373
-1.73928e-05	211.0871014688033
-1.73736e-05	211.20830172705396
-1.7354399999999998e-05	211.32929051805766
-1.73352e-05	211.45006820717992
-1.7315999999999998e-05	211.57063515662793
-1.72968e-05	211.69099172638724
-1.72776e-05	211.81113827869424
-1.72584e-05	211.93107517101578
-1.72392e-05	212.05080275891544
-1.7219999999999998e-05	212.17032140046967
-1.72008e-05	212.2896314473716
-1.7181599999999998e-05	212.40873325348107
-1.71624e-05	212.5276271685839
-1.71432e-05	212.64631354439047
-1.7123999999999997e-05	212.76479272752323
-1.71048e-05	212.88306506660464
-1.7085599999999998e-05	213.00113090531053
-1.70664e-05	213.11899058852075
-1.70472e-05	213.23664445990119
-1.7027999999999997e-05	213.35409285997966
-1.70088e-05	213.47133612996652
-1.6989599999999997e-05	213.58837460645685
-1.69704e-05	213.70520862779586
-1.6951199999999998e-05	213.82183853139847
-1.6931999999999996e-05	213.9382646489272
-1.69128e-05	214.05448731599682
-1.6893599999999997e-05	214.17050686351055
-1.6874400000000002e-05	214.2863236227313
-1.68552e-05	214.40193792288323
-1.6836e-05	214.517350091948
-1.68168e-05	214.6325604568162
-1.67976e-05	214.7475693421286
-1.6778400000000002e-05	214.86237707201002
-1.67592e-05	214.9769839700466
-1.674e-05	215.09139035824987
-1.67208e-05	215.2055965565629
-1.67016e-05	215.3196028832467
-1.66824e-05	215.43340965803137
-1.66632e-05	215.54701719708507
-1.6644e-05	215.66042581335037
-1.66248e-05	215.77363582440975
-1.66056e-05	215.8866475409038
-1.65864e-05	215.9994612761018
-1.65672e-05	216.11207734064473
-1.6547999999999998e-05	216.22449604244798
-1.65288e-05	216.33671769169274
-1.65096e-05	216.44874259511536
-1.64904e-05	216.56057105757264
-1.64712e-05	216.6722033852758
-1.6452e-05	216.78363988114697
-1.64328e-05	216.89488084751042
-1.6413599999999998e-05	217.00592658622298
-1.63944e-05	217.1167773976772
-1.63752e-05	217.22743358110185
-1.6356e-05	217.3378954332571
-1.63368e-05	217.44816325296253
-1.6317599999999998e-05	217.5582373347851
-1.62984e-05	217.66811797215013
-1.6279199999999998e-05	217.7778054603647
-1.626e-05	217.88730009330487
-1.62408e-05	217.99660215834732
-1.6221599999999997e-05	218.10571194953684
-1.62024e-05	218.21462975396554
-1.6183199999999998e-05	218.3233558590497
-1.6164e-05	218.43189055367816
-1.6144799999999998e-05	218.5402341238271
-1.6125599999999997e-05	218.64838685238476
-1.61064e-05	218.75634902369708
-1.6087199999999997e-05	218.8641209220297
-1.6068e-05	218.97170282700318
-1.6048799999999998e-05	219.07909502019254
-1.6029599999999996e-05	219.18629778046946
-1.60104e-05	219.29331138631355
-1.5991199999999997e-05	219.4001361143857
-1.5972e-05	219.5067722421851
-1.59528e-05	219.61322004472925
-1.59336e-05	219.71947979685004
-1.59144e-05	219.82555176992992
-1.58952e-05	219.93143623682178
-1.5876e-05	220.0371334692431
-1.58568e-05	220.14264373609197
-1.58376e-05	220.24796730827256
-1.58184e-05	220.35310445159496
-1.57992e-05	220.4580554353208
-1.5779999999999998e-05	220.56282052354348
-1.57608e-05	220.6673999818573
-1.57416e-05	220.77179407580468
-1.57224e-05	220.8760030672159
-1.57032e-05	220.98002721896114
-1.5683999999999998e-05	221.08386679222025
-1.56648e-05	221.1875220454888
-1.5645599999999998e-05	221.29099324025867
-1.56264e-05	221.3942806344499
-1.56072e-05	221.49738448505215
-1.5587999999999997e-05	221.60030504761158
-1.55688e-05	221.70304257971048
-1.5549599999999998e-05	221.80559733529861
-1.55304e-05	221.90796956913047
-1.55112e-05	222.01015953200925
-1.5492e-05	222.11216747606727
-1.54728e-05	222.21399365296392
-1.54536e-05	222.31563831432342
-1.54344e-05	222.41710170788366
-1.54152e-05	222.5183840820314
-1.5396e-05	222.61948568495515
-1.5376799999999998e-05	222.72040676248338
-1.53576e-05	222.82114756111565
-1.53384e-05	222.9217083265676
-1.53192e-05	223.02208930002175
-1.53e-05	223.12229072762582
-1.5280799999999998e-05	223.22231285042466
-1.52616e-05	223.32215590992433
-1.52424e-05	223.4218201457031
-1.52232e-05	223.52130579879807
-1.5204e-05	223.62061310808306
-1.5184799999999999e-05	223.7197423123122
-1.51656e-05	223.81869364643265
-1.51464e-05	223.91746734739337
-1.51272e-05	224.01606365121683
-1.5108e-05	224.11448279297238
-1.50888e-05	224.21272500472045
-1.5069599999999999e-05	224.31079052136062
-1.5050399999999999e-05	224.4086795735791
-1.50312e-05	224.50639239318235
-1.5012e-05	224.60392920982952
-1.49928e-05	224.70129025331917
-1.4973599999999998e-05	224.79847575373452
-1.4954399999999999e-05	224.89548593687493
-1.4935199999999999e-05	224.99232103038432
-1.4915999999999999e-05	225.08898126172915
-1.48968e-05	225.18546685499342
-1.4877599999999998e-05	225.2817780356484
-1.4858399999999998e-05	225.37791502595775
-1.4839199999999998e-05	225.47387805114192
-1.482e-05	225.56966733192536
-1.48008e-05	225.665283090199
-1.47816e-05	225.76072554584192
-1.47624e-05	225.85599491928875
-1.47432e-05	225.95109142999075
-1.4724e-05	226.04601529609593
-1.47048e-05	226.14076673455156
-1.46856e-05	226.23534596277867
-1.4666399999999999e-05	226.32975319650754
-1.46472e-05	226.42398865108655
-1.4628e-05	226.51805254112182
-1.46088e-05	226.6119450800996
-1.45896e-05	226.7056664814707
-1.4570399999999999e-05	226.7992169573295
-1.4551199999999999e-05	226.892596719217
-1.4531999999999999e-05	226.985805977422
-1.45128e-05	227.07884494392644
-1.44936e-05	227.17171382640404
-1.4474399999999998e-05	227.26441283481523
-1.4455199999999998e-05	227.35694217623856
-1.4435999999999999e-05	227.4493020597787
-1.4416799999999999e-05	227.54149268984685
-1.43976e-05	227.63351427310732
-1.4378399999999998e-05	227.72536701573213
-1.43592e-05	227.81705112097552
-1.434e-05	227.90856679324858
-1.43208e-05	227.99991423622365
-1.43016e-05	228.09109365070077
-1.42824e-05	228.18210524018508
-1.42632e-05	228.27294920623171
-1.4244e-05	228.3636257471087
-1.42248e-05	228.45413506390577
-1.42056e-05	228.54447735546123
-1.41864e-05	228.63465282120924
-1.4167199999999999e-05	228.7246616571335
-1.4147999999999999e-05	228.814504060611
-1.41288e-05	228.90418022752428
-1.41096e-05	228.9936903548524
-1.40904e-05	229.0830346365317
-1.4071199999999998e-05	229.17221326702742
-1.4051999999999999e-05	229.2612264403372
-1.4032799999999999e-05	229.35007434907558
-1.4013599999999999e-05	229.4387571846419
-1.39944e-05	229.52727513961784
-1.3975199999999998e-05	229.6156284047292
-1.3955999999999998e-05	229.70381717054872
-1.3936799999999998e-05	229.79184162496276
-1.39176e-05	229.87970195871637
-1.38984e-05	229.9673983588044
-1.3879200000000001e-05	230.05493101396016
-1.386e-05	230.14230011029198
-1.38408e-05	230.2295058341695
-1.38216e-05	230.31654837151058
-1.38024e-05	230.403427907104
-1.37832e-05	230.49014462558048
-1.3763999999999999e-05	230.57669870972668
-1.37448e-05	230.66309034462492
-1.37256e-05	230.74931971020482
-1.37064e-05	230.83538698952208
-1.36872e-05	230.92129236358937
-1.3667999999999999e-05	231.00703601456414
-1.3648799999999999e-05	231.0926181213671
-1.3629599999999999e-05	231.17803886305612
-1.36104e-05	231.26329841936544
-1.35912e-05	231.34839696697964
-1.3571999999999998e-05	231.43333468529516
-1.3552799999999998e-05	231.51811175005795
-1.3533599999999999e-05	231.60272833971914
-1.3514399999999999e-05	231.68718462708313
-1.3495199999999999e-05	231.77148079055212
-1.3476000000000001e-05	231.85561700328128
-1.34568e-05	231.93959344134984
-1.34376e-05	232.02341027604672
-1.34184e-05	232.10706767987472
-1.33992e-05	232.19056582889394
-1.338e-05	232.27390489237433
-1.33608e-05	232.3570850433182
-1.33416e-05	232.44010645050943
-1.33224e-05	232.52296928591153
-1.33032e-05	232.60567371864212
-1.3284e-05	232.68821991877488
-1.3264799999999999e-05	232.7706080535791
-1.3245599999999999e-05	232.85283829169342
-1.32264e-05	232.93491079978713
-1.32072e-05	233.01682574637442
-1.3188e-05	233.098583296908
-1.3168799999999998e-05	233.18018361741386
-1.3149599999999999e-05	233.2616268736489
-1.3130399999999999e-05	233.34291322848736
-1.3111199999999999e-05	233.42404284828066
-1.3092e-05	233.50501589496713
-1.30728e-05	233.58583253294518
-1.3053599999999998e-05	233.66649292260408
-1.3034399999999998e-05	233.74699722842288
-1.30152e-05	233.82734561047437
-1.2996e-05	233.90753822953945
-1.29768e-05	233.98757524667334
-1.29576e-05	234.06745682095303
-1.29384e-05	234.14718311102516
-1.29192e-05	234.22675427539045
-1.29e-05	234.30617047413946
-1.28808e-05	234.38543186264403
-1.2861599999999999e-05	234.464538598585
-1.28424e-05	234.54349083941517
-1.28232e-05	234.62228873910394
-1.2804e-05	234.7009324550553
-1.27848e-05	234.7794221410896
-1.2765599999999999e-05	234.85775795248904
-1.2746399999999999e-05	234.9359400421231
-1.2727199999999999e-05	235.01396856393833
-1.2708e-05	235.09184367028075
-1.26888e-05	235.16956551368014
-1.26696e-05	235.24713424723822
-1.2650399999999998e-05	235.32455002004875
-1.2631199999999999e-05	235.40181298429337
-1.2611999999999999e-05	235.4789232904477
-1.2592799999999999e-05	235.55588108905184
-1.2573600000000001e-05	235.6326865275605
-1.25544e-05	235.70933975610976
-1.25352e-05	235.7858409235911
-1.2516e-05	235.86219017748306
-1.24968e-05	235.93838766523044
-1.24776e-05	236.01443353448386
-1.24584e-05	236.09032793105527
-1.24392e-05	236.16607100119484
-1.242e-05	236.24166289116204
-1.24008e-05	236.3171037457509
-1.23816e-05	236.39239371015688
-1.2362399999999999e-05	236.46753292810757
-1.2343199999999999e-05	236.54252154267007
-1.2324e-05	236.61735969935597
-1.23048e-05	236.69204753989317
-1.22856e-05	236.76658520676085
-1.22664e-05	236.84097284153452
-1.2247199999999999e-05	236.91521058602453
-1.2227999999999999e-05	236.98929858186213
-1.2208799999999999e-05	237.0632369682421
-1.21896e-05	237.13702588738354
-1.21704e-05	237.21066547740725
-1.2151199999999998e-05	237.28415587724075
-1.2131999999999998e-05	237.35749722742494
-1.21128e-05	237.43068966460342
-1.20936e-05	237.50373332780757
-1.20744e-05	237.5766283533081
-1.20552e-05	237.6493748791442
-1.2036e-05	237.72197304091318
-1.20168e-05	237.79442297391915
-1.19976e-05	237.86672481538722
-1.19784e-05	237.9388786994844
-1.1959199999999999e-05	238.01088476113273
-1.194e-05	238.08274313370097
-1.19208e-05	238.15445395175905
-1.19016e-05	238.22601734697813
-1.18824e-05	238.29743345535698
-1.18632e-05	238.36870240578395
-1.1843999999999999e-05	238.43982433285578
-1.1824799999999999e-05	238.51079936640585
-1.18056e-05	238.5816276383085
-1.17864e-05	238.6523092775318
-1.17672e-05	238.72284441647128
-1.1747999999999998e-05	238.79323318316665
-1.1728799999999999e-05	238.8634757073301
-1.1709599999999999e-05	238.9335721188322
-1.1690399999999999e-05	239.00352254496343
-1.16712e-05	239.07332711486262
-1.1651999999999998e-05	239.14298595462594
-1.16328e-05	239.2124991925306
-1.16136e-05	239.28186695525935
-1.15944e-05	239.35108936945844
-1.15752e-05	239.42016656079173
-1.1555999999999999e-05	239.48909865533005
-1.15368e-05	239.55788577727762
-1.15176e-05	239.62652805242794
-1.14984e-05	239.69502560469186
-1.14792e-05	239.76337855874718
-1.146e-05	239.8315870388112
-1.1440799999999999e-05	239.8996511665292
-1.14216e-05	239.96757106542046
-1.14024e-05	240.03534685849854
-1.13832e-05	240.10297866723337
-1.1364e-05	240.17046661345003
-1.1344799999999999e-05	240.2378108196628
-1.1325599999999999e-05	240.30501140570811
-1.1306399999999999e-05	240.37206849191364
-1.12872e-05	240.43898219942562
-1.1268e-05	240.50575264798147
-1.1248799999999998e-05	240.57237995651556
-1.1229599999999998e-05	240.63886424445084
-1.1210399999999999e-05	240.7052056298095
-1.11912e-05	240.77140423154668
-1.1172e-05	240.83746016728702
-1.11528e-05	240.903373555112
-1.11336e-05	240.9691445113455
-1.11144e-05	241.03477315366445
-1.10952e-05	241.1002595975617
-1.1076e-05	241.16560395908914
-1.10568e-05	241.2308063533574
-1.1037599999999999e-05	241.2958668969817
-1.10184e-05	241.3607857035671
-1.09992e-05	241.42556288753073
-1.098e-05	241.4901985634339
-1.09608e-05	241.5546928443425
-1.0941599999999999e-05	241.61904584380088
-1.0922399999999999e-05	241.6832576744432
-1.09032e-05	241.74732844873537
-1.0884e-05	241.8112582786274
-1.08648e-05	241.87504727561995
-1.0845599999999998e-05	241.93869555204705
-1.0826399999999999e-05	242.00220321756095
-1.0807199999999999e-05	242.06557038429747
-1.0787999999999999e-05	242.12879716024565
-1.07688e-05	242.1918836573223
-1.0749599999999998e-05	242.25482998400153
-1.07304e-05	242.31763624918295
-1.07112e-05	242.38030256197058
-1.0692e-05	242.44282903075674
-1.06728e-05	242.5052157627885
-1.06536e-05	242.56746286787407
-1.06344e-05	242.62957045043996
-1.06152e-05	242.6915386209422
-1.0596e-05	242.7533674822894
-1.05768e-05	242.81505714362214
-1.05576e-05	242.87660770977814
-1.0538399999999999e-05	242.93801928551875
-1.05192e-05	242.99929197782586
-1.05e-05	243.0604258901834
-1.04808e-05	243.1214211295458
-1.04616e-05	243.18227779741167
-1.0442399999999998e-05	243.24299599987228
-1.0423199999999999e-05	243.3035758390754
-1.0403999999999999e-05	243.3640174187747
-1.03848e-05	243.42432084349184
-1.03656e-05	243.48448621285056
-1.0346399999999998e-05	243.54451363194428
-1.0327199999999998e-05	243.60440320137153
-1.0307999999999999e-05	243.6641550235608
-1.02888e-05	243.72376919880497
-1.02696e-05	243.78324582883707
-1.0250400000000001e-05	243.84258501398023
-1.02312e-05	243.901786855115
-1.0212e-05	243.96085145105005
-1.01928e-05	244.01977890184077
-1.01736e-05	244.07856930657843
-1.01544e-05	244.137222764723
-1.0135199999999999e-05	244.1957393743681
-1.0116e-05	244.25411923330878
-1.00968e-05	244.3123624389547
-1.00776e-05	244.37046909022783
-1.00584e-05	244.42843928336433
-1.0039199999999999e-05	244.48627311441706
-1.0019999999999999e-05	244.54397067928326
-1.00008e-05	244.60153207539585
-9.9816e-06	244.6589573956238
-9.9624e-06	244.7162467373499
-9.943199999999998e-06	244.77340019436423
-9.923999999999998e-06	244.83041786067204
-9.904799999999999e-06	244.88729982967143
-9.885599999999999e-06	244.94404619406333
-9.8664e-06	245.00065704806465
-9.847200000000001e-06	245.05713248418516
-9.828e-06	245.1134725930799
-9.8088e-06	245.169677467268
-9.7896e-06	245.22574719607135
-9.7704e-06	245.28168187092749
-9.7512e-06	245.33748158091086
-9.732e-06	245.39314641664976
-9.7128e-06	245.44867646604038
-9.6936e-06	245.50407181669095
-9.6744e-06	245.5593325568947
-9.6552e-06	245.61445877260726
-9.635999999999999e-06	245.66945055049536
-9.616799999999999e-06	245.72430797649568
-9.5976e-06	245.7790311340826
-9.5784e-06	245.83362010785547
-9.5592e-06	245.88807498076488
-9.539999999999998e-06	245.94239583449726
-9.520799999999999e-06	245.996582749325
-9.501599999999999e-06	246.05063580740776
-9.4824e-06	246.10455508575612
-9.4632e-06	246.15834066360404
-9.444e-06	246.21199261633177
-9.424799999999998e-06	246.2655110187547
-9.405599999999999e-06	246.31889594611403
-9.3864e-06	246.37214747042967
-9.3672e-06	246.4252656606569
-9.348000000000001e-06	246.4782505876528
-9.3288e-06	246.53110231534254
-9.3096e-06	246.583820910225
-9.2904e-06	246.63640643423253
-9.2712e-06	246.68885894773786
-9.252e-06	246.74117850712202
-9.232799999999999e-06	246.79336516728205
-9.2136e-06	246.84541897976192
-9.1944e-06	246.8973399928007
-9.1752e-06	246.94912824941247
-9.156e-06	247.0007837914611
-9.136799999999999e-06	247.05230665406415
-9.117599999999999e-06	247.1036968700072
-9.098399999999999e-06	247.15495446500015
-9.0792e-06	247.20607946129215
-9.06e-06	247.2570718733265
-9.0408e-06	247.30793171325658
-9.021599999999998e-06	247.35865898099513
-9.002399999999999e-06	247.40925367267525
-8.983199999999999e-06	247.45971577635785
-8.964e-06	247.5100452709955
-8.944800000000001e-06	247.56024212572223
-8.9256e-06	247.61030629976798
-8.9064e-06	247.66023774491788
-8.8872e-06	247.71003639542357
-8.868e-06	247.7597021792952
-8.8488e-06	247.8092350046693
-8.8296e-06	247.85863477061145
-8.8104e-06	247.9079013577389
-8.7912e-06	247.95703462986057
-8.772e-06	248.0060344319
-8.7528e-06	248.05490059102763
-8.733599999999999e-06	248.103632911989
-8.714399999999999e-06	248.15223117424273
-8.6952e-06	248.20069513773316
-8.676e-06	248.24902453052357
-8.6568e-06	248.29721905348467
-8.6376e-06	248.34527837845314
-8.618399999999999e-06	248.39320214223463
-8.599199999999999e-06	248.44098994539735
-8.58e-06	248.48864135365037
-8.5608e-06	248.5361558843784
-8.5416e-06	248.58353301843263
-8.522399999999998e-06	248.63077218332347
-8.503199999999998e-06	248.67787275691344
-8.484e-06	248.72483406210083
-8.4648e-06	248.77165536280708
-8.445600000000001e-06	248.81833585991774
-8.4264e-06	248.86487468484458
-8.4072e-06	248.91127089702087
-8.388e-06	248.95752347728398
-8.3688e-06	249.00363132290488
-8.3496e-06	249.0495932423537
-8.330399999999999e-06	249.0954079468733
-8.3112e-06	249.1410740458509
-8.292e-06	249.18659003630103
-8.2728e-06	249.2319543026112
-8.2536e-06	249.27716509845686
-8.2344e-06	249.32222054629392
-8.215199999999999e-06	249.36711862341286
-8.195999999999999e-06	249.41185715781867
-8.1768e-06	249.45643380874722
-8.1576e-06	249.500846065426
-8.1384e-06	249.54509122890067
-8.119199999999998e-06	249.58916640407213
-8.099999999999999e-06	249.63306848216845
-8.080799999999999e-06	249.67679413358852
-8.0616e-06	249.72033978552426
-8.042400000000001e-06	249.7637016135645
-8.0232e-06	249.80687552024617
-8.004e-06	249.84985712131683
-7.9848e-06	249.89264172475933
-7.9656e-06	249.93522431525798
-7.946399999999999e-06	249.97759953074265
-7.9272e-06	250.0197616423638
-7.908e-06	250.0617045325717
-7.8888e-06	250.10342167005885
-7.8696e-06	250.14490608600516
-7.850399999999999e-06	250.18615034769448
-7.831199999999999e-06	250.22714653055095
-7.812e-06	250.2678861893778
-7.7928e-06	250.3083603273734
-7.7736e-06	250.34855936565478
-7.7544e-06	250.38847310739374
-7.7352e-06	250.4280907040969
-7.716e-06	250.46740061833455
-7.696799999999999e-06	250.50639058532045
-7.677599999999999e-06	250.54504757062193
-7.6584e-06	250.58335773054947
-7.6392e-06	250.62130636225874
-7.62e-06	250.65887786469708
-7.600799999999999e-06	250.6960556836196
-7.5815999999999995e-06	250.73282226419298
-7.5624e-06	250.76915899638092
-7.543199999999999e-06	250.80504615843898
-7.5239999999999995e-06	250.8404628622813
-7.5048e-06	250.8753869892846
-7.485599999999999e-06	250.90979513098264
-7.4664e-06	250.94366252220564
-7.4472e-06	250.97696296918804
-7.428e-06	251.00966878593962
-7.4088e-06	251.0417507161462
-7.3895999999999995e-06	251.07317785515443
-7.3704e-06	251.10391757432487
-7.3512e-06	251.13393543665205
-7.3319999999999994e-06	251.1631951101624
-7.3128e-06	251.1916582821736
-7.293599999999999e-06	251.21928456245107
-7.274399999999999e-06	251.2460313964406
-7.2552e-06	251.2718539548013
-7.236e-06	251.29670504512316
-7.2168e-06	251.32053499781964
-7.1976e-06	251.34329155937914
-7.1784e-06	251.36491978201857
-7.1592e-06	251.38536190836047
-7.139999999999999e-06	251.40455724986435
-7.1208e-06	251.42244206961502
-7.1016e-06	251.43894944907422
-7.082399999999999e-06	251.4540091638158
-7.0631999999999996e-06	251.467547551293
-7.043999999999999e-06	251.4794873663008
-7.024799999999999e-06	251.4897476529435
-7.0056e-06	251.49824358727216
-6.9864e-06	251.50488634266105
-6.9672e-06	251.5095829266567
-6.948e-06	251.51223603998207
-6.9288e-06	251.51274390535286
-6.9096e-06	251.5110001159608
-6.890399999999999e-06	251.50689346525215
-6.8711999999999995e-06	251.5003077844019
-6.852e-06	251.49112176387996
-6.832799999999999e-06	251.47920878799954
-6.8135999999999994e-06	251.46443675046038
-6.7944000000000005e-06	251.4466678780383
-6.7752e-06	251.42575854777016
-6.756e-06	251.40155909902566
-6.7368e-06	251.37391364688585
-6.7176e-06	251.34265989346025
-6.6984e-06	251.30762892740557
-6.6791999999999995e-06	251.26864504049414
-6.66e-06	251.225525519732
-6.640799999999999e-06	251.17808045356827
-6.621599999999999e-06	251.12611253137848
-6.6024e-06	251.06941683677402
-6.583199999999999e-06	251.0077806515381
-6.564e-06	250.94098324421014
-6.5448000000000004e-06	250.8687956680194
-6.5256e-06	250.7909805514062
-6.5064e-06	250.70729189733655
-6.4871999999999995e-06	250.61747486865107
-6.468e-06	250.52126558581608
-6.4488e-06	250.41839091703636
-6.429599999999999e-06	250.30856827412356
-6.4104e-06	250.19150540281169
-6.3912e-06	250.06690017883588
-6.371999999999999e-06	249.934440405751
-6.3527999999999996e-06	249.79380360429343
-6.3336e-06	249.6446568200231
-6.3144e-06	249.48665641298544
-6.2952e-06	249.3194478662974
-6.276e-06	249.14266558482666
-6.2568e-06	248.9559327027518
-6.237599999999999e-06	248.7588608885723
-6.2184e-06	248.55105015521272
-6.1992e-06	248.3320886778206
-6.179999999999999e-06	248.10155259756814
-6.1607999999999995e-06	247.85900584966487
-6.1416e-06	247.60399997626627
-6.122399999999999e-06	247.33607395254006
-6.1032e-06	247.05475401403137
-6.084e-06	246.75955347936508
-6.0648e-06	246.44997258629286
-6.0456e-06	246.12549832128286
-6.0264e-06	245.78560425903223
-6.0072e-06	245.42975039391422
-5.988e-06	245.05738298807933
-5.9687999999999995e-06	244.66793440493777
-5.9496e-06	244.26082295323087
-5.930399999999999e-06	243.8354527326329
-5.911199999999999e-06	243.39121347206796
-5.892e-06	242.9274803776072
-5.8728e-06	242.44361396636756
-5.8536e-06	241.93895991358224
-5.8343999999999996e-06	241.41284888066087
-5.8152e-06	240.86459635182027
-5.796e-06	240.29350246335036
-5.7767999999999995e-06	239.698851814812
-5.7576e-06	239.07991329176295
-5.7384e-06	238.4359398594688
-5.719199999999999e-06	237.76616836229152
-5.7e-06	237.06981929253203
-5.680799999999999e-06	236.34609656102296
-5.661599999999999e-06	235.59418723114962
-5.6424e-06	234.8132612514996
-5.6232e-06	234.00247114080577
-5.604e-06	233.16095166976947
-5.5848e-06	232.28781949164826
-5.5656e-06	231.38217274872957
-5.5464e-06	230.44309062635665
-5.527199999999999e-06	229.4696328731057
-5.508e-06	228.46083926215124
-5.4888e-06	227.41572899032005
-5.469599999999999e-06	226.3333000147143
-5.4503999999999995e-06	225.21252831399022
-5.431199999999999e-06	224.0523670638619
-5.412e-06	222.85174571318572
-5.3928e-06	221.6095689602522
-5.3736e-06	220.324715597008
-5.3544e-06	218.9960372286774
-5.3352e-06	217.6223568210903
-5.316e-06	216.20246709930117
-5.2968e-06	214.73512872146375
-5.277599999999999e-06	213.21906824272338
-5.2583999999999995e-06	211.65297582711733
-5.2392e-06	210.03550266484632
-5.219999999999999e-06	208.36525806417828
-5.2008e-06	206.6408061728014
-5.1816000000000005e-06	204.86066225707435
-5.1624e-06	203.02328851405687
-5.1432e-06	201.12708930083144
-5.1239999999999996e-06	199.17040572018178
-5.1048e-06	197.15150946014242
-5.0856e-06	195.06859576089826
-5.0663999999999995e-06	192.91977536683402
-5.0472e-06	190.7030653123626
-5.027999999999999e-06	188.41637830714515
-5.008799999999999e-06	186.0575105276693
-4.9896e-06	183.6241274832528
-4.9704e-06	181.1137476602906
-4.9512e-06	178.52372349678328
-4.932e-06	175.8512192578627
-4.9128e-06	173.09318521089773
-4.8936e-06	170.24632748993398
-4.8743999999999994e-06	167.30707291232943
-4.8552e-06	164.27152797186847
-4.836e-06	161.13543124716224
-4.816799999999999e-06	157.89409852029988
-4.7976e-06	154.54236026420514
-4.7784e-06	151.0744917119914
-4.759199999999999e-06	147.48413693310548
-4.74e-06	143.76423033333185
-4.7208e-06	139.90692228588213
-4.7016e-06	135.90352085160535
-4.6824e-06	131.74446937214472
-4.6632e-06	127.41939111846699
-4.644e-06	122.91724758302608
-4.624799999999999e-06	118.22667653290411
-4.6056e-06	113.33659753855662
-4.5864e-06	108.2371914044245
-4.567199999999999e-06	102.92136508685249
-4.5479999999999995e-06	97.3867883898469
-4.528800000000001e-06	91.63850907589544
-4.5096e-06	85.69199800972736
-4.4904e-06	79.57624063401397
-4.4712e-06	73.33621503118128
-4.452e-06	67.03388421757111
-4.4328e-06	60.74683607685931
-4.4135999999999996e-06	54.56406783514226
-4.3944e-06	48.57913113781353
-4.3752e-06	42.88170944492638
-4.3559999999999995e-06	37.549309219631
-4.3368e-06	32.64078808772598
-4.317599999999999e-06	28.192876262688138
-4.2984e-06	24.219950987077237
-4.2792000000000005e-06	20.71650177332556
-4.26e-06	17.661264074997252
-4.2408e-06	15.021950664264702
-4.2215999999999995e-06	12.75974571940207
-4.2024e-06	10.833065197808049
-4.1832e-06	9.200393896604057
-4.1639999999999994e-06	7.82222186487829
-4.1448e-06	6.662217026023353
-4.1256e-06	5.687810693938978
-4.106399999999999e-06	4.870366621025321
-4.0872e-06	4.185077439841676
-4.068e-06	3.6106986117335165
-4.0488e-06	3.1291991693570664
-4.0296e-06	2.725382498642598
-4.0104e-06	2.386510921229931
-3.9912e-06	2.1019539558476508
-3.971999999999999e-06	1.8628703382976572
-3.9528e-06	1.6619277709923188
-3.9336e-06	1.4930605374831987
-3.9144e-06	1.3512628788985541
-3.8951999999999996e-06	1.2324148686019532
-3.876e-06	1.1331372765513594
-3.856799999999999e-06	1.0506716642463985
-3.8376e-06	0.9827824799865953
-3.8184e-06	0.927678122891351
-3.7991999999999996e-06	0.8839485275317943
-3.78e-06	0.850517257398503
-3.7608e-06	0.8266066120996765
-3.7416e-06	0.8117148409795955
-3.7223999999999997e-06	0.805605042149046
-3.7031999999999995e-06	0.8083059813780638
