-3.39816e-05	8.577319471876033e-12
-3.39624e-05	-2.6557151499135887e-12
-3.39432e-05	-5.91203892087997e-12
-3.3923999999999996e-05	-1.6607609694622264e-12
-3.39048e-05	1.2276510098943558e-11
-3.388559999999999e-05	1.1003338141288396e-11
-3.38664e-05	1.2362312025470242e-12
-3.38472e-05	4.108504955888129e-12
-3.3828e-05	7.615112159304721e-13
-3.3808799999999994e-05	3.0925725560192696e-12
-3.37896e-05	-2.821972227614031e-12
-3.37704e-05	-1.1278075026011144e-11
-3.3751199999999996e-05	1.3884457629597666e-11
-3.3731999999999995e-05	1.0294708081317697e-11
-3.37128e-05	-3.790955632071313e-12
-3.36936e-05	-9.966700910285483e-12
-3.36744e-05	-2.4953602054486404e-12
-3.3655199999999996e-05	2.797459916589762e-13
-3.3636e-05	-7.007160442303366e-12
-3.361679999999999e-05	8.308950641444208e-12
-3.35976e-05	1.6610505488418828e-11
-3.3578400000000004e-05	1.1272452564700099e-11
-3.3559199999999995e-05	-8.771956917150064e-12
-3.354e-05	9.778164007609528e-12
-3.35208e-05	6.723025028539002e-12
-3.3501600000000005e-05	1.706306940783912e-11
-3.3482399999999996e-05	-1.7171609658804275e-11
-3.34632e-05	9.371345225143837e-12
-3.3444e-05	2.3302226721931824e-12
-3.34248e-05	-1.9900186948637546e-12
-3.34056e-05	6.5971247848487585e-12
-3.33864e-05	-1.4512752242014439e-12
-3.3367199999999995e-05	8.602038733780775e-12
-3.3348e-05	9.728101536299893e-12
-3.33288e-05	-8.301452952292067e-12
-3.3309600000000004e-05	-4.241964658020471e-12
-3.3290399999999996e-05	3.7907200863702647e-13
-3.32712e-05	-5.547071740471593e-12
-3.3252e-05	-3.983990212706248e-12
-3.32328e-05	6.914527291075187e-12
-3.3213599999999997e-05	1.620863971976864e-11
-3.31944e-05	6.294931723099952e-12
-3.3175199999999994e-05	4.542611987288607e-12
-3.3156e-05	-1.7839673663931874e-13
-3.31368e-05	7.281598518624557e-13
-3.31176e-05	1.1575729199585205e-11
-3.3098399999999995e-05	-1.9296374321324775e-12
-3.30792e-05	3.1265678855624846e-12
-3.306e-05	-6.207115667623865e-12
-3.30408e-05	-9.114313467628944e-12
-3.3021599999999996e-05	-1.5653197872020331e-12
-3.30024e-05	-1.8917208319359376e-11
-3.298319999999999e-05	2.184778463314918e-11
-3.2964e-05	-2.3974902981081478e-12
-3.29448e-05	1.4725549055799636e-11
-3.29256e-05	-3.214475979928863e-12
-3.2906399999999994e-05	-5.442813244865126e-12
-3.28872e-05	8.343799542159347e-12
-3.2868e-05	-3.1505311448350622e-12
-3.2848799999999996e-05	-8.825376851693119e-13
-3.2829599999999995e-05	-1.8018541057794907e-12
-3.28104e-05	-5.1700242436812394e-12
-3.27912e-05	3.3218030857562043e-12
-3.2772e-05	-9.166770565333522e-12
-3.2752799999999996e-05	-7.609873208137563e-12
-3.27336e-05	-9.307842024940127e-12
-3.271439999999999e-05	-2.8274005655885274e-12
-3.26952e-05	-2.3919484090845224e-12
-3.2676000000000004e-05	-3.2972445503290664e-12
-3.2656799999999995e-05	6.197944045173319e-12
-3.26376e-05	4.382663799500293e-12
-3.26184e-05	-4.705521094446349e-13
-3.2599200000000005e-05	-1.1295356025224902e-11
-3.2579999999999996e-05	1.4393215337217406e-11
-3.25608e-05	2.643465057200231e-12
-3.25416e-05	-1.89503425875388e-11
-3.25224e-05	-6.704447118102754e-12
-3.25032e-05	-1.5577312153148243e-12
-3.2484e-05	-8.913726329987942e-12
-3.2464799999999995e-05	5.420218080771321e-12
-3.24456e-05	-1.791713499730286e-11
-3.24264e-05	1.3263402105803072e-11
-3.2407200000000004e-05	-1.91220061496265e-12
-3.2387999999999996e-05	1.7549798043348204e-12
-3.23688e-05	1.4971360803349575e-12
-3.23496e-05	-9.016039281028128e-12
-3.23304e-05	-1.3584175724369395e-11
-3.2311199999999997e-05	1.7141803181876956e-11
-3.2292e-05	-1.7709132538720844e-11
-3.2272799999999994e-05	3.188637506288831e-12
-3.22536e-05	-1.8862069339880735e-11
-3.22344e-05	1.649558267083757e-11
-3.22152e-05	-8.496242891287005e-12
-3.2195999999999995e-05	2.887381177620614e-12
-3.21768e-05	-3.3777437276919788e-12
-3.21576e-05	-1.4819852284099964e-12
-3.21384e-05	-1.462714628474724e-11
-3.2119199999999996e-05	-1.1081206301124092e-11
-3.21e-05	2.8857732838603758e-11
-3.20808e-05	-1.5561926237985477e-11
-3.20616e-05	-1.7108116730398792e-11
-3.20424e-05	-1.775359284365408e-12
-3.20232e-05	5.8188011188495414e-12
-3.2003999999999994e-05	4.493741670129887e-12
-3.19848e-05	1.2972265579655776e-11
-3.19656e-05	-1.86771720812154e-12
-3.1946399999999996e-05	-2.9872997728256126e-11
-3.1927199999999995e-05	-7.249483122468744e-12
-3.1908e-05	2.4682297358768656e-11
-3.18888e-05	-2.5874006235911173e-11
-3.18696e-05	1.580117300131352e-11
-3.1850399999999996e-05	-1.6261869756257566e-11
-3.1831199999999994e-05	7.629718225968824e-12
-3.1812e-05	-2.3487458266100407e-11
-3.17928e-05	-5.015950827412159e-12
-3.17736e-05	-1.999307155416491e-12
-3.17544e-05	-3.254008418715677e-11
-3.17352e-05	3.174642227645482e-12
-3.1716e-05	2.075389428954997e-11
-3.16968e-05	5.0773640102610264e-12
-3.16776e-05	-6.979976066175531e-12
-3.16584e-05	-2.5925510456511988e-11
-3.16392e-05	7.419023129093834e-12
-3.162e-05	-2.7179451185299485e-11
-3.16008e-05	1.0824092248615485e-11
-3.15816e-05	1.523889777419558e-11
-3.15624e-05	1.2878232919981035e-12
-3.15432e-05	-1.6531745911709866e-11
-3.1524e-05	-1.286590660447982e-11
-3.15048e-05	-2.30562619151545e-11
-3.14856e-05	9.472359351583449e-12
-3.14664e-05	1.459080696064785e-11
-3.14472e-05	-4.294376322674611e-11
-3.1428e-05	5.223968398433142e-11
-3.1408799999999996e-05	-4.4379247156676333e-13
-3.13896e-05	-1.8874694598949662e-11
-3.13704e-05	1.4114788573683575e-11
-3.13512e-05	7.620996604074254e-12
-3.1332e-05	-1.0412279233364154e-11
-3.1312799999999996e-05	-6.186067618148628e-12
-3.12936e-05	1.161145243252879e-11
-3.12744e-05	-3.121551874798718e-11
-3.12552e-05	3.068450729875276e-11
-3.1236e-05	1.0093542922429389e-11
-3.1216799999999996e-05	1.4501871627021666e-12
-3.11976e-05	-9.817493181407208e-12
-3.11784e-05	1.3138575890248429e-11
-3.11592e-05	1.578533361001768e-11
-3.114e-05	-2.2888143491005366e-11
-3.1120799999999995e-05	7.112457330355572e-13
-3.11016e-05	9.707193161857716e-12
-3.10824e-05	2.59092109772243e-11
-3.10632e-05	1.2229099745649308e-11
-3.1043999999999996e-05	1.3896298339230397e-11
-3.1024799999999995e-05	-9.353828487592428e-12
-3.10056e-05	1.9344093184380218e-11
-3.09864e-05	-1.1268349417578778e-11
-3.09672e-05	-4.991143186682493e-12
-3.0947999999999996e-05	3.073009762598064e-11
-3.0928799999999994e-05	-2.5904947266799835e-11
-3.09096e-05	2.8979077156611327e-11
-3.08904e-05	-5.629288095659534e-12
-3.0871200000000004e-05	2.5518040918526322e-11
-3.0852e-05	2.3470775811014268e-11
-3.08328e-05	-2.3738666187142427e-11
-3.08136e-05	-2.7250421660811557e-11
-3.07944e-05	1.9153719006740305e-11
-3.07752e-05	-5.787810385676493e-11
-3.0756e-05	5.27229763557407e-12
-3.07368e-05	1.8930521822867615e-11
-3.07176e-05	3.739866299352307e-12
-3.06984e-05	-6.1966753700785e-11
-3.06792e-05	1.681170970221545e-11
-3.066e-05	3.835979248958509e-11
-3.06408e-05	5.4847450731163404e-11
-3.06216e-05	-2.3340333493889622e-11
-3.06024e-05	-2.633172038337439e-11
-3.05832e-05	-3.4115162936754953e-11
-3.0564e-05	2.5078458385629764e-11
-3.05448e-05	2.644793958947723e-11
-3.05256e-05	1.199545563228935e-11
-3.0506399999999996e-05	-9.924279369202256e-13
-3.04872e-05	1.0859216557341936e-11
-3.0467999999999997e-05	-6.37792444214759e-12
-3.0448799999999996e-05	5.289728571965473e-11
-3.04296e-05	2.156390344403607e-11
-3.04104e-05	-7.420557842487878e-11
-3.03912e-05	6.533244705027882e-11
-3.0372e-05	-2.3640425318466192e-11
-3.03528e-05	2.8397902977570466e-11
-3.03336e-05	-3.1822421106505955e-11
-3.03144e-05	5.395645441599622e-12
-3.02952e-05	-1.169141512513745e-10
-3.0276e-05	5.526776968068396e-11
-3.0256799999999998e-05	2.844571214670763e-11
-3.02376e-05	7.196982817830263e-12
-3.02184e-05	-5.479544782894094e-11
-3.01992e-05	6.193796569386412e-11
-3.018e-05	-8.429446391741232e-11
-3.0160799999999998e-05	7.903070257519471e-11
-3.01416e-05	1.6868245597680864e-11
-3.0122399999999998e-05	-2.988140973102777e-11
-3.01032e-05	1.0485231122560824e-10
-3.0084e-05	-2.6091517035135605e-11
-3.00648e-05	5.283293797455745e-11
-3.00456e-05	-1.3750738373029317e-10
-3.0026399999999998e-05	8.59686919537335e-11
-3.00072e-05	3.261118021873391e-11
-2.9987999999999998e-05	1.1231464666379907e-10
-2.99688e-05	-1.3747572679351103e-10
-2.99496e-05	-9.689734229734061e-12
-2.9930399999999997e-05	-6.357937961902413e-11
-2.99112e-05	7.695152845147747e-11
-2.9891999999999998e-05	3.3381801630188724e-11
-2.98728e-05	-9.086476163936072e-11
-2.9853599999999998e-05	1.277316354349869e-10
-2.9834399999999997e-05	4.8990612403332906e-11
-2.98152e-05	-2.184707673052263e-10
-2.9795999999999997e-05	5.572399179151531e-11
-2.97768e-05	1.7232730791615766e-10
-2.9757599999999998e-05	-1.6151965987074617e-10
-2.9738399999999996e-05	5.1869685825728604e-11
-2.9719199999999998e-05	4.729761002212819e-11
-2.9699999999999997e-05	-3.644699629396253e-10
-2.96808e-05	2.2561051679966122e-10
-2.9661599999999997e-05	8.362510955066053e-10
-2.9642399999999996e-05	2.2241110700854683e-10
-2.9623199999999998e-05	0.00029223697019271124
-2.9603999999999996e-05	6.012108784417036
-2.95848e-05	11.197663748754646
-2.9565599999999997e-05	14.648211098408726
-2.9546399999999995e-05	17.4267799437967
-2.95272e-05	19.818057064906203
-2.9508e-05	21.94899241817081
-2.94888e-05	23.889355494505057
-2.94696e-05	25.682377209636098
-2.94504e-05	27.357043839537834
-2.94312e-05	28.93391351501479
-2.9412e-05	30.42819432795163
-2.93928e-05	31.851512112047754
-2.93736e-05	33.21299131953762
-2.9354399999999998e-05	34.519949534369765
-2.93352e-05	35.77836209416938
-2.9316e-05	36.99318352107733
-2.92968e-05	38.16857627145815
-2.92776e-05	39.308077499886934
-2.92584e-05	40.41472322496326
-2.92392e-05	41.49114248175299
-2.9219999999999998e-05	42.53962987587102
-2.92008e-05	43.56220230726448
-2.91816e-05	44.560643891499275
-2.91624e-05	45.53654194625659
-2.91432e-05	46.49131612423704
-2.9123999999999998e-05	47.42624222596152
-2.91048e-05	48.34247182676885
-2.9085599999999998e-05	49.2410485984223
-2.90664e-05	50.122921958327005
-2.90472e-05	50.988958589009926
-2.9027999999999997e-05	51.839952199846664
-2.90088e-05	52.676631856823946
-2.8989599999999998e-05	53.49966912837269
-2.89704e-05	54.30968425008024
-2.8951199999999998e-05	55.10725145578992
-2.8931999999999997e-05	55.892903626385525
-2.89128e-05	56.66713634488427
-2.8893599999999997e-05	57.430411456558105
-2.88744e-05	58.183160203456694
-2.8855199999999998e-05	58.925785993184704
-2.8835999999999996e-05	59.65866685417333
-2.8816799999999998e-05	60.3821576205227
-2.8797599999999997e-05	61.09659187670621
-2.87784e-05	61.80228370166166
-2.8759199999999997e-05	62.49952923115411
-2.8739999999999996e-05	63.18860806302205
-2.8720799999999998e-05	63.86978452212314
-2.8701599999999996e-05	64.54330880816958
-2.86824e-05	65.20941802913991
-2.8663199999999997e-05	65.86833714540882
-2.8643999999999995e-05	66.52027981911692
-2.86248e-05	67.16544920232353
-2.86056e-05	67.80403864030778
-2.85864e-05	68.43623232887713
-2.85672e-05	69.06220590614373
-2.8548e-05	69.68212700176711
-2.85288e-05	70.29615574041895
-2.85096e-05	70.90444520388954
-2.84904e-05	71.50714185810989
-2.84712e-05	72.10438594813562
-2.8452e-05	72.6963118613165
-2.84328e-05	73.28304846538096
-2.84136e-05	73.86471942285776
-2.83944e-05	74.44144347874666
-2.83752e-05	75.01333473191715
-2.8356e-05	75.5805028870416
-2.83368e-05	76.14305348648065
-2.8317599999999998e-05	76.7010881295017
-2.82984e-05	77.25470467634342
-2.82792e-05	77.80399743877813
-2.826e-05	78.34905735562137
-2.82408e-05	78.88997216291327
-2.8221599999999998e-05	79.42682654737837
-2.82024e-05	79.95970229468533
-2.8183199999999998e-05	80.48867842662543
-2.8164e-05	81.0138313289891
-2.81448e-05	81.53523487687342
-2.8125599999999997e-05	82.05296054454246
-2.81064e-05	82.56707751660397
-2.8087199999999998e-05	83.07765278930037
-2.8068e-05	83.5847512647502
-2.8048799999999998e-05	84.0884358436826
-2.8029599999999997e-05	84.58876750942352
-2.80104e-05	85.08580541041607
-2.7991199999999997e-05	85.57960693542935
-2.7972e-05	86.070227787026
-2.7952799999999998e-05	86.5577220495467
-2.7933599999999996e-05	87.04214225577225
-2.7914399999999998e-05	87.5235394473354
-2.7895199999999997e-05	88.00196323316095
-2.7876e-05	88.47746184712378
-2.7856799999999997e-05	88.95008219934992
-2.7837599999999996e-05	89.41986992684286
-2.7818399999999998e-05	89.88686944304627
-2.7799199999999996e-05	90.35112398118149
-2.7779999999999998e-05	90.81267563849269
-2.7760799999999997e-05	91.27156541907229
-2.7741599999999995e-05	91.72783327213348
-2.77224e-05	92.1815181291506
-2.77032e-05	92.6326579417595
-2.7684e-05	93.08128971406187
-2.76648e-05	93.52744953696148
-2.7645600000000002e-05	93.97117261832855
-2.76264e-05	94.41249331450105
-2.76072e-05	94.8514451577283
-2.7588e-05	95.28806088418655
-2.75688e-05	95.72237245963058
-2.75496e-05	96.15441110598623
-2.75304e-05	96.58420732434863
-2.75112e-05	97.01179091780688
-2.7492e-05	97.43719101476763
-2.74728e-05	97.8604360898261
-2.74536e-05	98.28155398384409
-2.74344e-05	98.70057192415983
-2.7415199999999998e-05	99.1175165427645
-2.7396e-05	99.53241389512442
-2.73768e-05	99.94528947634582
-2.73576e-05	100.35616823999737
-2.73384e-05	100.76507461198173
-2.7319199999999998e-05	101.17203250727857
-2.73e-05	101.57706534541245
-2.7280799999999998e-05	101.98019606295588
-2.72616e-05	102.38144712861114
-2.72424e-05	102.78084055616193
-2.7223199999999997e-05	103.17839791748104
-2.7204e-05	103.57414035561969
-2.7184799999999998e-05	103.96808859505255
-2.71656e-05	104.36026295323829
-2.7146399999999998e-05	104.75068335460807
-2.7127199999999997e-05	105.13936933775834
-2.7108e-05	105.5263400674606
-2.7088799999999997e-05	105.91161434486379
-2.70696e-05	106.29521061625212
-2.7050399999999998e-05	106.67714698245376
-2.7031199999999996e-05	107.05744120882252
-2.7011999999999998e-05	107.43611073331488
-2.6992799999999997e-05	107.81317267464028
-2.69736e-05	108.18864384026055
-2.6954399999999997e-05	108.56254073575424
-2.6935199999999996e-05	108.93487956961252
-2.6915999999999998e-05	109.30567626421389
-2.6896799999999996e-05	109.67494645986557
-2.6877599999999998e-05	110.04270552344488
-2.6858399999999997e-05	110.40896855405697
-2.6839200000000002e-05	110.77375039091453
-2.682e-05	111.13706561841585
-2.68008e-05	111.49892857183102
-2.67816e-05	111.85935334503692
-2.67624e-05	112.21835379473966
-2.6743200000000002e-05	112.57594354634945
-2.6724e-05	112.93213599975087
-2.67048e-05	113.28694433402114
-2.66856e-05	113.64038151338691
-2.66664e-05	113.99246029022352
-2.66472e-05	114.34319321249326
-2.6628e-05	114.69259262591174
-2.66088e-05	115.04067068076414
-2.65896e-05	115.38743933395206
-2.65704e-05	115.73291035480993
-2.65512e-05	116.07709532911582
-2.6532e-05	116.42000566241168
-2.6512799999999998e-05	116.76165258435192
-2.64936e-05	117.1020471524441
-2.64744e-05	117.44120025576993
-2.64552e-05	117.77912261871529
-2.6436e-05	118.11582480375606
-2.6416799999999998e-05	118.45131721606998
-2.63976e-05	118.78561010563811
-2.6378399999999998e-05	119.11871357104644
-2.63592e-05	119.45063756288909
-2.634e-05	119.78139188577693
-2.6320799999999997e-05	120.11098620249541
-2.63016e-05	120.43943003643771
-2.6282399999999998e-05	120.76673277360153
-2.62632e-05	121.09290366735473
-2.6243999999999998e-05	121.41795183847778
-2.6224799999999997e-05	121.74188628008378
-2.62056e-05	122.06471585908194
-2.6186399999999997e-05	122.38644931730406
-2.61672e-05	122.70709527782664
-2.6147999999999998e-05	123.02666224276173
-2.6128799999999996e-05	123.34515859883247
-2.6109599999999998e-05	123.66259261770094
-2.6090399999999997e-05	123.9789724592506
-2.60712e-05	124.29430617290056
-2.6051999999999997e-05	124.60860170053876
-2.60328e-05	124.92186687745065
-2.6013599999999998e-05	125.23410943596036
-2.5994399999999996e-05	125.54533700525037
-2.5975199999999998e-05	125.85555711473401
-2.5955999999999997e-05	126.1647771959966
-2.5936800000000002e-05	126.47300458300953
-2.59176e-05	126.78024651597704
-2.58984e-05	127.08651014128246
-2.58792e-05	127.39180251470604
-2.586e-05	127.69613060106738
-2.58408e-05	127.9995012783544
-2.58216e-05	128.30192133703073
-2.58024e-05	128.60339748275365
-2.57832e-05	128.90393633794034
-2.5764e-05	129.2035444421913
-2.57448e-05	129.50222825516593
-2.57256e-05	129.79999415636348
-2.57064e-05	130.09684844867098
-2.56872e-05	130.39279735672204
-2.5668e-05	130.68784703117663
-2.56488e-05	130.98200354826253
-2.56296e-05	131.27527291104252
-2.5610399999999998e-05	131.56766105175578
-2.55912e-05	131.8591738318625
-2.5572e-05	132.149817043433
-2.55528e-05	132.43959641154223
-2.55336e-05	132.72851759292786
-2.5514399999999997e-05	133.01658617981283
-2.54952e-05	133.30380769879554
-2.5475999999999998e-05	133.590187612895
-2.54568e-05	133.87573132276412
-2.54376e-05	134.16044416788463
-2.5418399999999997e-05	134.44433142559978
-2.53992e-05	134.72739831519624
-2.5379999999999998e-05	135.00964999617443
-2.53608e-05	135.29109157082837
-2.5341599999999998e-05	135.5717280833315
-2.5322399999999997e-05	135.85156452361426
-2.53032e-05	136.13060582482098
-2.5283999999999997e-05	136.4088568668115
-2.52648e-05	136.68632247579222
-2.5245599999999998e-05	136.96300742456359
-2.52264e-05	137.23891643508676
-2.5207199999999998e-05	137.51405417705425
-2.5187999999999997e-05	137.7884252716463
-2.51688e-05	138.06203428848733
-2.5149599999999997e-05	138.33488574954808
-2.51304e-05	138.60698412843428
-2.5111199999999998e-05	138.87833385137213
-2.5091999999999996e-05	139.14893929823933
-2.5072799999999998e-05	139.41880480223637
-2.5053599999999997e-05	139.68793465163742
-2.5034400000000002e-05	139.95633309046673
-2.50152e-05	140.22400431756364
-2.4996e-05	140.4909524900336
-2.49768e-05	140.75718172077524
-2.49576e-05	141.02269608121105
-2.49384e-05	141.2874996010659
-2.49192e-05	141.5515962697231
-2.49e-05	141.8149900354201
-2.48808e-05	142.0776848071526
-2.48616e-05	142.33968445394962
-2.48424e-05	142.60099280732663
-2.48232e-05	142.8616136592975
-2.4804e-05	143.12155076600493
-2.47848e-05	143.3808078448484
-2.47656e-05	143.63938857796805
-2.47464e-05	143.89729661037816
-2.47272e-05	144.15453555237022
-2.4707999999999998e-05	144.41110897865863
-2.46888e-05	144.66702043008524
-2.46696e-05	144.9222734124977
-2.46504e-05	145.17687139875747
-2.46312e-05	145.43081782806757
-2.4611999999999997e-05	145.68411610734273
-2.45928e-05	145.9367696110117
-2.4573599999999998e-05	146.18878168127253
-2.45544e-05	146.44015562980798
-2.45352e-05	146.69089473641398
-2.4515999999999997e-05	146.94100225004573
-2.44968e-05	147.1904813908277
-2.4477599999999998e-05	147.4393353473257
-2.44584e-05	147.6875672800506
-2.4439199999999998e-05	147.93518031991604
-2.442e-05	148.182177568733
-2.44008e-05	148.42856210088763
-2.4381599999999997e-05	148.6743369620718
-2.43624e-05	148.919505170873
-2.4343199999999998e-05	149.16406971808271
-2.4324e-05	149.40803356819393
-2.4304799999999998e-05	149.6513996588048
-2.4285599999999997e-05	149.89417090133728
-2.42664e-05	150.13635018113203
-2.4247199999999997e-05	150.377940357989
-2.4228e-05	150.6189442667577
-2.4208799999999998e-05	150.85936471718887
-2.4189599999999996e-05	151.09920449387255
-2.4170399999999998e-05	151.3384663575606
-2.4151199999999997e-05	151.5771530450209
-2.4132e-05	151.8152672685918
-2.41128e-05	152.05281171786427
-2.40936e-05	152.2897890588975
-2.40744e-05	152.52620193440555
-2.40552e-05	152.76205296528858
-2.4036e-05	152.99734474934962
-2.40168e-05	153.23207986280514
-2.39976e-05	153.4662608592501
-2.39784e-05	153.6998902717875
-2.39592e-05	153.93297061079977
-2.394e-05	154.16550436709696
-2.39208e-05	154.39749400909548
-2.3901599999999998e-05	154.628941985867
-2.38824e-05	154.85985072562283
-2.38632e-05	155.09022263631007
-2.3844e-05	155.32006010605352
-2.38248e-05	155.54936550341324
-2.3805599999999998e-05	155.7781411778342
-2.37864e-05	156.0063894589673
-2.37672e-05	156.23411265732798
-2.3748e-05	156.46131306601973
-2.37288e-05	156.68799295783884
-2.3709599999999997e-05	156.9141545887542
-2.36904e-05	157.1398001952857
-2.3671199999999998e-05	157.36493199714212
-2.3652e-05	157.58955219549773
-2.36328e-05	157.81366297483098
-2.36136e-05	158.0372665014566
-2.35944e-05	158.26036492536784
-2.3575199999999997e-05	158.48296037881977
-2.3556e-05	158.70505497789722
-2.3536799999999998e-05	158.92665082208302
-2.35176e-05	159.1477499943118
-2.34984e-05	159.36835456116773
-2.3479199999999997e-05	159.58846657407256
-2.346e-05	159.80808806742976
-2.3440799999999998e-05	160.02722106045863
-2.34216e-05	160.24586755735336
-2.3402399999999998e-05	160.46402954636255
-2.3383199999999997e-05	160.68170900085667
-2.3364e-05	160.89890787912498
-2.3344799999999997e-05	161.11562812418538
-2.33256e-05	161.33187166527156
-2.3306399999999998e-05	161.54764041652504
-2.3287199999999996e-05	161.76293627729356
-2.3267999999999998e-05	161.97776113349641
-2.3248799999999997e-05	162.19211685651428
-2.32296e-05	162.40600530373615
-2.3210399999999997e-05	162.61942831886952
-2.3191199999999996e-05	162.83238773211178
-2.3172e-05	163.04488535968173
-2.31528e-05	163.25692300459613
-2.31336e-05	163.46850245708274
-2.31144e-05	163.67962549334285
-2.30952e-05	163.890293877514
-2.3076e-05	164.10050936005436
-2.30568e-05	164.31027367935644
-2.30376e-05	164.51958856096823
-2.30184e-05	164.72845571739444
-2.2999199999999998e-05	164.93687684976405
-2.298e-05	165.1448536464074
-2.29608e-05	165.3523877835253
-2.29416e-05	165.5594809255693
-2.29224e-05	165.76613472483447
-2.2903199999999998e-05	165.97235082213462
-2.2884e-05	166.17813084668205
-2.28648e-05	166.38347641571977
-2.28456e-05	166.58838913558196
-2.28264e-05	166.79287060125142
-2.28072e-05	166.9969223961453
-2.2788e-05	167.20054609304157
-2.2768799999999998e-05	167.40374325382027
-2.27496e-05	167.60651542883022
-2.27304e-05	167.80886415876827
-2.27112e-05	168.01079097260296
-2.2692e-05	168.2122973895197
-2.2672799999999997e-05	168.4133849181588
-2.26536e-05	168.6140550566051
-2.2634399999999998e-05	168.8143092925842
-2.26152e-05	169.01414910444535
-2.2596e-05	169.2135759597642
-2.2576799999999997e-05	169.41259131653732
-2.25576e-05	169.6111966229379
-2.2538399999999998e-05	169.80939331725904
-2.25192e-05	170.00718282835138
-2.2499999999999998e-05	170.20456657530028
-2.2480799999999997e-05	170.40154596795736
-2.24616e-05	170.59812240670394
-2.2442399999999997e-05	170.79429728256756
-2.24232e-05	170.9900719774713
-2.2403999999999998e-05	171.18544786406858
-2.2384799999999996e-05	171.3804263064528
-2.2365599999999998e-05	171.57500865926826
-2.2346399999999997e-05	171.7691962682301
-2.23272e-05	171.9629904707307
-2.2307999999999997e-05	172.1563925951413
-2.2288799999999996e-05	172.34940396120126
-2.22696e-05	172.54202588026132
-2.22504e-05	172.73425965508304
-2.22312e-05	172.9261065798582
-2.2212e-05	173.11756794095012
-2.21928e-05	173.3086450156851
-2.21736e-05	173.49933907408618
-2.21544e-05	173.68965137715068
-2.21352e-05	173.8795831784858
-2.2116e-05	174.06913572350453
-2.20968e-05	174.25831024961488
-2.20776e-05	174.44710798658778
-2.20584e-05	174.6355301559633
-2.20392e-05	174.82357797240246
-2.202e-05	175.01125264195497
-2.20008e-05	175.19855536368678
-2.19816e-05	175.38548732917758
-2.1962399999999998e-05	175.57204972197258
-2.19432e-05	175.7582437190327
-2.1924e-05	175.94407048934357
-2.19048e-05	176.12953119504328
-2.18856e-05	176.31462699073924
-2.1866399999999998e-05	176.49935902444147
-2.18472e-05	176.68372843639827
-2.1828e-05	176.86773636018697
-2.18088e-05	177.05138392271488
-2.17896e-05	177.23467224350318
-2.1770399999999997e-05	177.41760243569604
-2.17512e-05	177.60017560539816
-2.1731999999999998e-05	177.7823928519651
-2.17128e-05	177.964255268242
-2.16936e-05	178.14576394044053
-2.1674399999999997e-05	178.32691994873292
-2.16552e-05	178.50772436577904
-2.1635999999999997e-05	178.68817825868865
-2.16168e-05	178.86828268767582
-2.1597599999999998e-05	179.04803870740454
-2.1578399999999997e-05	179.227447365609
-2.15592e-05	179.40650970386767
-2.1539999999999997e-05	179.58522675762828
-2.15208e-05	179.76359955695602
-2.1501599999999998e-05	179.94162912478245
-2.1482399999999996e-05	180.11931647884964
-2.1463199999999998e-05	180.2966626306094
-2.1443999999999997e-05	180.47366858560545
-2.14248e-05	180.65033534382155
-2.1405599999999997e-05	180.8266638991219
-2.1386399999999996e-05	181.00265523981952
-2.13672e-05	181.17831034828092
-2.1348e-05	181.35363020165988
-2.13288e-05	181.5286157709934
-2.13096e-05	181.70326802188828
-2.1290400000000002e-05	181.87758791475912
-2.12712e-05	182.0515764040577
-2.1252e-05	182.2252344390807
-2.12328e-05	182.3985629633383
-2.12136e-05	182.5715629155838
-2.11944e-05	182.74423522870353
-2.11752e-05	182.91658083058138
-2.1156e-05	183.08860064366652
-2.11368e-05	183.260295585393
-2.11176e-05	183.43166656774753
-2.10984e-05	183.60271449780146
-2.10792e-05	183.7734402775019
-2.1059999999999998e-05	183.9438448037784
-2.10408e-05	184.1139289682198
-2.10216e-05	184.28369365777706
-2.10024e-05	184.45313975455423
-2.09832e-05	184.6222681350239
-2.0963999999999998e-05	184.7910796716398
-2.09448e-05	184.95957523177282
-2.09256e-05	185.12775567739035
-2.09064e-05	185.29562186691186
-2.08872e-05	185.463174652611
-2.0867999999999997e-05	185.63041488328997
-2.08488e-05	185.79734340240728
-2.0829599999999998e-05	185.96396104879756
-2.08104e-05	186.13026865691194
-2.07912e-05	186.2962670571572
-2.0771999999999997e-05	186.46195707461385
-2.07528e-05	186.6273395300173
-2.0733599999999997e-05	186.7924152399575
-2.07144e-05	186.95718501689254
-2.0695199999999998e-05	187.12164966817437
-2.0675999999999997e-05	187.28580999734496
-2.06568e-05	187.44966680359872
-2.0637599999999997e-05	187.61322088149169
-2.06184e-05	187.77647302221462
-2.0599199999999998e-05	187.93942401187616
-2.0579999999999996e-05	188.10207463266107
-2.0560799999999998e-05	188.26442566321984
-2.0541599999999997e-05	188.42647787708253
-2.05224e-05	188.58823204463363
-2.0503199999999997e-05	188.74968893157236
-2.0484000000000002e-05	188.91084929998274
-2.04648e-05	189.0717139079301
-2.04456e-05	189.2322835094528
-2.04264e-05	189.392558854806
-2.04072e-05	189.55254069000878
-2.0388000000000002e-05	189.71222975744155
-2.03688e-05	189.87162679587698
-2.03496e-05	190.03073253977374
-2.03304e-05	190.1895477203527
-2.03112e-05	190.34807306472993
-2.0292e-05	190.506309296301
-2.02728e-05	190.66425713496574
-2.02536e-05	190.82191729654014
-2.02344e-05	190.97929049379817
-2.02152e-05	191.13637743500624
-2.0196e-05	191.29317882553156
-2.01768e-05	191.44969536716053
-2.0157599999999998e-05	191.60592775753264
-2.01384e-05	191.76187669132915
-2.01192e-05	191.9175428592246
-2.01e-05	192.07292694857276
-2.00808e-05	192.2280296436461
-2.0061599999999998e-05	192.38285162450111
-2.00424e-05	192.53739356837704
-2.0023199999999998e-05	192.69165614900558
-2.0004e-05	192.845640036383
-1.99848e-05	192.9993458972761
-1.9965599999999997e-05	193.15277439534213
-1.99464e-05	193.30592619078882
-1.9927199999999998e-05	193.45880194045424
-1.9908e-05	193.61140229799906
-1.98888e-05	193.76372791348038
-1.9869599999999997e-05	193.9157794344925
-1.98504e-05	194.06755750452263
-1.9831199999999997e-05	194.21906276434143
-1.9812e-05	194.37029585175674
-1.9792799999999998e-05	194.5212574010226
-1.9773599999999996e-05	194.67194804352914
-1.97544e-05	194.82236840723277
-1.9735199999999997e-05	194.97251911781888
-1.9716e-05	195.1224007969596
-1.9696799999999997e-05	195.27201406391484
-1.96776e-05	195.42135953476924
-1.9658399999999998e-05	195.57043782266186
-1.9639199999999997e-05	195.71924953749902
-1.962e-05	195.86779528695476
-1.9600799999999997e-05	196.01607567485277
-1.9581600000000002e-05	196.16409130325349
-1.95624e-05	196.31184276981284
-1.95432e-05	196.45933067106415
-1.9524e-05	196.6065555994038
-1.95048e-05	196.7535181451538
-1.9485600000000002e-05	196.90021889559895
-1.94664e-05	197.04665843492805
-1.94472e-05	197.19283734530762
-1.9428e-05	197.33875620530532
-1.94088e-05	197.48441559160676
-1.93896e-05	197.62981607754492
-1.93704e-05	197.77495823406372
-1.93512e-05	197.9198426293389
-1.9332e-05	198.06446982910307
-1.93128e-05	198.20884039613856
-1.92936e-05	198.35295489088114
-1.92744e-05	198.49681387062864
-1.9255199999999998e-05	198.64041789098493
-1.9236e-05	198.78376750419307
-1.92168e-05	198.92686326025452
-1.91976e-05	199.0697057066717
-1.91784e-05	199.21229538796192
-1.9159199999999998e-05	199.3546328465904
-1.914e-05	199.4967186224186
-1.9120799999999998e-05	199.63855325274483
-1.91016e-05	199.78013727225857
-1.90824e-05	199.92147121347628
-1.9063199999999997e-05	200.06255560594474
-1.9044e-05	200.20339097747288
-1.9024799999999998e-05	200.3439778529919
-1.90056e-05	200.48431675489914
-1.89864e-05	200.62440820348593
-1.8967199999999997e-05	200.76425271662077
-1.8948e-05	200.9038508094534
-1.8928799999999997e-05	201.0432029952797
-1.89096e-05	201.1823097849578
-1.8890399999999998e-05	201.32117168657416
-1.88712e-05	201.45978920629412
-1.8852e-05	201.59816284784625
-1.8832799999999997e-05	201.736293112929
-1.88136e-05	201.87418050058756
-1.8794399999999997e-05	202.01182550789346
-1.87752e-05	202.14922862956982
-1.8755999999999998e-05	202.28639035808817
-1.8736799999999997e-05	202.42331118391974
-1.87176e-05	202.55999159506302
-1.8698399999999997e-05	202.69643207749408
-1.8679200000000002e-05	202.8326331150294
-1.866e-05	202.9685951894706
-1.86408e-05	203.104318780135
-1.86216e-05	203.23980436471984
-1.86024e-05	203.37505241846281
-1.8583200000000002e-05	203.5100634144094
-1.8564e-05	203.64483782397926
-1.85448e-05	203.77937611644
-1.85256e-05	203.91367875856025
-1.85064e-05	204.04774621564144
-1.84872e-05	204.1815789506082
-1.8468e-05	204.31517742440826
-1.84488e-05	204.44854209634522
-1.84296e-05	204.5816734234523
-1.84104e-05	204.7145718604576
-1.83912e-05	204.8472378610744
-1.8372e-05	204.9796718762595
-1.8352799999999998e-05	205.11187435498962
-1.83336e-05	205.24384574505117
-1.83144e-05	205.37558649163063
-1.82952e-05	205.50709703829006
-1.8276e-05	205.6383778266218
-1.8256799999999998e-05	205.7694292961551
-1.82376e-05	205.9002518849096
-1.8218399999999998e-05	206.0308460289565
-1.81992e-05	206.1612121622647
-1.818e-05	206.29135071690385
-1.8160799999999997e-05	206.42126212330663
-1.81416e-05	206.5509468102153
-1.8122399999999998e-05	206.6804052041784
-1.81032e-05	206.80963773017496
-1.8083999999999998e-05	206.93864481113243
-1.80648e-05	207.0674268683625
-1.80456e-05	207.19598432137226
-1.8026399999999997e-05	207.32431758776488
-1.80072e-05	207.4524270834494
-1.7987999999999998e-05	207.58031322266385
-1.79688e-05	207.70797641760902
-1.79496e-05	207.8354170788929
-1.7930399999999997e-05	207.96263561555318
-1.79112e-05	208.08963243441647
-1.7891999999999997e-05	208.21640794124264
-1.78728e-05	208.3429625397546
-1.7853599999999998e-05	208.46929663168748
-1.7834399999999996e-05	208.59541061739546
-1.78152e-05	208.72130489571765
-1.7795999999999997e-05	208.84697986341195
-1.7776800000000002e-05	208.97243591599138
-1.77576e-05	209.09767344729244
-1.77384e-05	209.22269284885914
-1.77192e-05	209.34749451170262
-1.77e-05	209.4720788241433
-1.7680800000000002e-05	209.59644617368784
-1.76616e-05	209.7205969460351
-1.76424e-05	209.8445315251608
-1.76232e-05	209.96825029331762
-1.7604e-05	210.09175363184482
-1.75848e-05	210.21504192014936
-1.75656e-05	210.33811553566713
-1.75464e-05	210.4609748551573
-1.75272e-05	210.5836202533324
-1.7508e-05	210.70605210353273
-1.74888e-05	210.82827077737284
-1.74696e-05	210.95027664528672
-1.7450399999999998e-05	211.07207007631834
-1.74312e-05	211.19365143770912
-1.7412e-05	211.31502109528856
-1.73928e-05	211.43617941369078
-1.73736e-05	211.55712675575452
-1.7354399999999998e-05	211.67786348310065
-1.73352e-05	211.79838995599215
-1.7315999999999998e-05	211.91870653281504
-1.72968e-05	212.03881357086252
-1.72776e-05	212.15871142623052
-1.72584e-05	212.27840045308264
-1.72392e-05	212.39788100451344
-1.7219999999999998e-05	212.51715343195147
-1.72008e-05	212.63621808595883
-1.7181599999999998e-05	212.75507531502163
-1.71624e-05	212.87372546657718
-1.71432e-05	212.99216888677108
-1.7123999999999997e-05	213.11040591993907
-1.71048e-05	213.22843690983774
-1.7085599999999998e-05	213.3462621979406
-1.70664e-05	213.46388212487363
-1.70472e-05	213.5812970299187
-1.7027999999999997e-05	213.69850725073553
-1.70088e-05	213.81551312387148
-1.6989599999999997e-05	213.93231498432772
-1.69704e-05	214.04891316615564
-1.6951199999999998e-05	214.16530800146808
-1.6931999999999996e-05	214.2814998216168
-1.69128e-05	214.39748895653972
-1.6893599999999997e-05	214.513275734458
-1.6874400000000002e-05	214.62886048279864
-1.68552e-05	214.74424352757816
-1.6836e-05	214.8594251932614
-1.68168e-05	214.97440580319198
-1.67976e-05	215.08918567966106
-1.6778400000000002e-05	215.20376514344
-1.67592e-05	215.3181445141917
-1.674e-05	215.43232411020912
-1.67208e-05	215.54630424868702
-1.67016e-05	215.66008524538347
-1.66824e-05	215.77366741526856
-1.66632e-05	215.88705107160555
-1.6644e-05	216.00023652678556
-1.66248e-05	216.1132240920297
-1.66056e-05	216.22601407685178
-1.65864e-05	216.33860679035965
-1.65672e-05	216.45100254011984
-1.6547999999999998e-05	216.56320163259008
-1.65288e-05	216.67520437272591
-1.65096e-05	216.78701106500006
-1.64904e-05	216.89862201216536
-1.64712e-05	217.01003751618268
-1.6452e-05	217.1212578775102
-1.64328e-05	217.23228339601584
-1.6413599999999998e-05	217.34311437022518
-1.63944e-05	217.45375109732936
-1.63752e-05	217.56419387352892
-1.6356e-05	217.67444299403576
-1.63368e-05	217.78449875289252
-1.6317599999999998e-05	217.89436144315727
-1.62984e-05	218.0040313564371
-1.6279199999999998e-05	218.11350878360156
-1.626e-05	218.22279401449174
-1.62408e-05	218.33188733749148
-1.6221599999999997e-05	218.44078904021703
-1.62024e-05	218.54949940876347
-1.6183199999999998e-05	218.65801872877807
-1.6164e-05	218.76634728471643
-1.6144799999999998e-05	218.87448535948596
-1.6125599999999997e-05	218.98243323526654
-1.61064e-05	219.09019119313186
-1.6087199999999997e-05	219.19775951324988
-1.6068e-05	219.30513847438698
-1.6048799999999998e-05	219.41232835456097
-1.6029599999999996e-05	219.51932943068246
-1.60104e-05	219.62614197863695
-1.5991199999999997e-05	219.73276627260395
-1.5972e-05	219.83920258711598
-1.59528e-05	219.9454511944628
-1.59336e-05	220.05151236640276
-1.59144e-05	220.1573863738217
-1.58952e-05	220.26307348579866
-1.5876e-05	220.36857397171218
-1.58568e-05	220.47388809865333
-1.58376e-05	220.5790161334906
-1.58184e-05	220.68395834175203
-1.57992e-05	220.78871498828687
-1.5779999999999998e-05	220.89328633667952
-1.57608e-05	220.99767264949563
-1.57416e-05	221.1018741887498
-1.57224e-05	221.20589121508024
-1.57032e-05	221.3097239885193
-1.5683999999999998e-05	221.413372767882
-1.56648e-05	221.51683781089187
-1.5645599999999998e-05	221.62011937482777
-1.56264e-05	221.7232177156137
-1.56072e-05	221.8261330887862
-1.5587999999999997e-05	221.92886574827372
-1.55688e-05	222.0314159477771
-1.5549599999999998e-05	222.1337839391861
-1.55304e-05	222.2359699747661
-1.55112e-05	222.33797430471273
-1.5492e-05	222.4397971790001
-1.54728e-05	222.5414388463004
-1.54536e-05	222.64289955499865
-1.54344e-05	222.74417955203057
-1.54152e-05	222.84527908352177
-1.5396e-05	222.94619839545112
-1.5376799999999998e-05	223.04693773163524
-1.53576e-05	223.14749733609546
-1.53384e-05	223.24787745197435
-1.53192e-05	223.34807832059738
-1.53e-05	223.44810018358254
-1.5280799999999998e-05	223.54794328073712
-1.52616e-05	223.64760785187883
-1.52424e-05	223.74709413536834
-1.52232e-05	223.84640236885838
-1.5204e-05	223.9455327892186
-1.5184799999999999e-05	224.0444856326756
-1.51656e-05	224.1432611339402
-1.51464e-05	224.24185952769668
-1.51272e-05	224.34028104739969
-1.5108e-05	224.43852592560896
-1.50888e-05	224.53659439404908
-1.5069599999999999e-05	224.63448668390694
-1.5050399999999999e-05	224.7322030249392
-1.50312e-05	224.8297436468257
-1.5012e-05	224.92710877790472
-1.49928e-05	225.0242986458382
-1.4973599999999998e-05	225.12131347743028
-1.4954399999999999e-05	225.2181534986669
-1.4935199999999999e-05	225.31481893494882
-1.4915999999999999e-05	225.4113100104903
-1.48968e-05	225.5076269487727
-1.4877599999999998e-05	225.6037699729629
-1.4858399999999998e-05	225.6997393046415
-1.4839199999999998e-05	225.79553516528958
-1.482e-05	225.89115777526573
-1.48008e-05	225.98660735416541
-1.47816e-05	226.08188412074207
-1.47624e-05	226.17698829319085
-1.47432e-05	226.27192008887616
-1.4724e-05	226.3666797243358
-1.47048e-05	226.46126741548207
-1.46856e-05	226.55568337708598
-1.4666399999999999e-05	226.64992782362435
-1.46472e-05	226.7440009686337
-1.4628e-05	226.83790302517224
-1.46088e-05	226.9316342052268
-1.45896e-05	227.025194719918
-1.4570399999999999e-05	227.11858478022464
-1.4551199999999999e-05	227.21180459599995
-1.4531999999999999e-05	227.30485437643316
-1.45128e-05	227.39773433033176
-1.44936e-05	227.49044466510517
-1.4474399999999998e-05	227.5829855883132
-1.4455199999999998e-05	227.67535730600366
-1.4435999999999999e-05	227.76756002411508
-1.4416799999999999e-05	227.85959394779204
-1.43976e-05	227.9514592812884
-1.4378399999999998e-05	228.04315622822512
-1.43592e-05	228.13468499163798
-1.434e-05	228.22604577374779
-1.43208e-05	228.31723877634
-1.43016e-05	228.40826420023348
-1.42824e-05	228.49912224551454
-1.42632e-05	228.58981311222576
-1.4244e-05	228.6803369988001
-1.42248e-05	228.77069410359613
-1.42056e-05	228.860884624091
-1.41864e-05	228.95090875728545
-1.4167199999999999e-05	229.04076669949868
-1.4147999999999999e-05	229.13045864560374
-1.41288e-05	229.2199847910455
-1.41096e-05	229.30934532982772
-1.40904e-05	229.39854045534878
-1.4071199999999998e-05	229.48757036048193
-1.4051999999999999e-05	229.57643523725255
-1.4032799999999999e-05	229.6651352772879
-1.4013599999999999e-05	229.75367067117136
-1.39944e-05	229.84204160923895
-1.3975199999999998e-05	229.93024828091416
-1.3955999999999998e-05	230.01829087497902
-1.3936799999999998e-05	230.10616957950168
-1.39176e-05	230.1938845820612
-1.38984e-05	230.2814360695829
-1.3879200000000001e-05	230.368824228309
-1.386e-05	230.4560492435183
-1.38408e-05	230.54311130044647
-1.38216e-05	230.63001058306082
-1.38024e-05	230.71674727534815
-1.37832e-05	230.80332155997124
-1.3763999999999999e-05	230.88973361967476
-1.37448e-05	230.97598363595833
-1.37256e-05	231.0620717901403
-1.37064e-05	231.14799826275205
-1.36872e-05	231.23376323384088
-1.3667999999999999e-05	231.31936688259668
-1.3648799999999999e-05	231.4048093879179
-1.3629599999999999e-05	231.49009092771885
-1.36104e-05	231.57521167983717
-1.35912e-05	231.66017182117977
-1.3571999999999998e-05	231.74497152807632
-1.3552799999999998e-05	231.8296109765725
-1.3533599999999999e-05	231.91409034175544
-1.3514399999999999e-05	231.99840979829247
-1.3495199999999999e-05	232.08256952042396
-1.3476000000000001e-05	232.16656968159566
-1.34568e-05	232.25041045494527
-1.34376e-05	232.33409201275484
-1.34184e-05	232.41761452699615
-1.33992e-05	232.50097816908965
-1.338e-05	232.58418310946496
-1.33608e-05	232.66722951852194
-1.33416e-05	232.75011756600733
-1.33224e-05	232.83284742099488
-1.33032e-05	232.9154192519832
-1.3284e-05	232.99783322698315
-1.3264799999999999e-05	233.0800895134352
-1.3245599999999999e-05	233.16218827797732
-1.32264e-05	233.2441296873889
-1.32072e-05	233.32591390707933
-1.3188e-05	233.40754110259692
-1.3168799999999998e-05	233.48901143837398
-1.3149599999999999e-05	233.5703250786153
-1.3130399999999999e-05	233.65148218684524
-1.3111199999999999e-05	233.7324829261924
-1.3092e-05	233.81332745909805
-1.30728e-05	233.8940159474174
-1.3053599999999998e-05	233.97454855251738
-1.3034399999999998e-05	234.05492543531642
-1.30152e-05	234.1351467559916
-1.2996e-05	234.21521267425996
-1.29768e-05	234.29512334950508
-1.29576e-05	234.37487894006975
-1.29384e-05	234.45447960415413
-1.29192e-05	234.53392549937544
-1.29e-05	234.6132167828407
-1.28808e-05	234.69235361079947
-1.2861599999999999e-05	234.77133613944778
-1.28424e-05	234.8501645239561
-1.28232e-05	234.92883891947898
-1.2804e-05	235.0073594802983
-1.27848e-05	235.0857263603648
-1.2765599999999999e-05	235.16393971300013
-1.2746399999999999e-05	235.24199969095383
-1.2727199999999999e-05	235.31990644679473
-1.2708e-05	235.39766013207833
-1.26888e-05	235.47526089843498
-1.26696e-05	235.5527088966875
-1.2650399999999998e-05	235.63000427682462
-1.2631199999999999e-05	235.70714718931455
-1.2611999999999999e-05	235.78413778317338
-1.2592799999999999e-05	235.86097620750022
-1.2573600000000001e-05	235.9376626107053
-1.25544e-05	236.01419714065975
-1.25352e-05	236.0905799448149
-1.2516e-05	236.16681117050825
-1.24968e-05	236.24289096415862
-1.24776e-05	236.31881947195956
-1.24584e-05	236.3945968393655
-1.24392e-05	236.47022321167873
-1.242e-05	236.5456987335984
-1.24008e-05	236.62102354947342
-1.23816e-05	236.69619780312158
-1.2362399999999999e-05	236.7712216377605
-1.2343199999999999e-05	236.8460951964541
-1.2324e-05	236.92081862162317
-1.23048e-05	236.99539205520912
-1.22856e-05	237.06981563881786
-1.22664e-05	237.144089513532
-1.2247199999999999e-05	237.21821381985143
-1.2227999999999999e-05	237.29218869800437
-1.2208799999999999e-05	237.366014287757
-1.21896e-05	237.43969072830606
-1.21704e-05	237.51321815869386
-1.2151199999999998e-05	237.58659671688827
-1.2131999999999998e-05	237.65982654104303
-1.21128e-05	237.73290776840724
-1.20936e-05	237.8058405359844
-1.20744e-05	237.87862498038396
-1.20552e-05	237.95126123734101
-1.2036e-05	238.02374944289303
-1.20168e-05	238.09608973181838
-1.19976e-05	238.1682822389702
-1.19784e-05	238.24032709856363
-1.1959199999999999e-05	238.31222444431853
-1.194e-05	238.38397440932556
-1.19208e-05	238.4555771268774
-1.19016e-05	238.52703272906882
-1.18824e-05	238.59834134809094
-1.18632e-05	238.66950311523067
-1.1843999999999999e-05	238.740518161569
-1.1824799999999999e-05	238.81138661817317
-1.18056e-05	238.88210861488736
-1.17864e-05	238.95268428136816
-1.17672e-05	239.02311374730743
-1.1747999999999998e-05	239.09339714145648
-1.1728799999999999e-05	239.1635345924704
-1.1709599999999999e-05	239.23352622827676
-1.1690399999999999e-05	239.30337217650091
-1.16712e-05	239.37307256461358
-1.1651999999999998e-05	239.4426275192217
-1.16328e-05	239.5120371672201
-1.16136e-05	239.58130163414958
-1.15944e-05	239.65042104595358
-1.15752e-05	239.7193955279801
-1.1555999999999999e-05	239.78822520485875
-1.15368e-05	239.8569102009949
-1.15176e-05	239.92545064071157
-1.14984e-05	239.99384664767175
-1.14792e-05	240.06209834514038
-1.146e-05	240.13020585610764
-1.1440799999999999e-05	240.19816930303196
-1.14216e-05	240.26598880804235
-1.14024e-05	240.33366449324626
-1.13832e-05	240.4011964796051
-1.1364e-05	240.46858488843216
-1.1344799999999999e-05	240.5358298402848
-1.1325599999999999e-05	240.60293145543892
-1.1306399999999999e-05	240.6698898535984
-1.12872e-05	240.73670515464346
-1.1268e-05	240.80337747750232
-1.1248799999999998e-05	240.86990694083866
-1.1229599999999998e-05	240.9362936631827
-1.1210399999999999e-05	241.00253776230508
-1.11912e-05	241.06863935578454
-1.1172e-05	241.13459856112186
-1.11528e-05	241.20041549470227
-1.11336e-05	241.26609027338841
-1.11144e-05	241.33162301299328
-1.10952e-05	241.39701382919154
-1.1076e-05	241.46226283704107
-1.10568e-05	241.52737015177635
-1.1037599999999999e-05	241.59233588771303
-1.10184e-05	241.65716015896828
-1.09992e-05	241.72184307928927
-1.098e-05	241.78638476187817
-1.09608e-05	241.85078531974168
-1.0941599999999999e-05	241.91504486540467
-1.0922399999999999e-05	241.97916351108066
-1.09032e-05	242.04314136862243
-1.0884e-05	242.1069785493931
-1.08648e-05	242.17067516420798
-1.0845599999999998e-05	242.23423132420515
-1.0826399999999999e-05	242.29764713916336
-1.0807199999999999e-05	242.36092271944224
-1.0787999999999999e-05	242.42405817440692
-1.07688e-05	242.4870536130866
-1.0749599999999998e-05	242.54990914457204
-1.07304e-05	242.61262487716894
-1.07112e-05	242.67520091895892
-1.0692e-05	242.73763737803353
-1.06728e-05	242.79993436139358
-1.06536e-05	242.86209197619755
-1.06344e-05	242.92411032934749
-1.06152e-05	242.98598952718655
-1.0596e-05	243.04772967567126
-1.05768e-05	243.10933088057212
-1.05576e-05	243.17079324722874
-1.0538399999999999e-05	243.23211688057668
-1.05192e-05	243.29330188559294
-1.05e-05	243.35434836627948
-1.04808e-05	243.41525642711252
-1.04616e-05	243.47602617147263
-1.0442399999999998e-05	243.53665770302933
-1.0423199999999999e-05	243.59715112461348
-1.0403999999999999e-05	243.65750653902995
-1.03848e-05	243.71772404869716
-1.03656e-05	243.7778037556062
-1.0346399999999998e-05	243.837745761757
-1.0327199999999998e-05	243.8975501681774
-1.0307999999999999e-05	243.95721707649338
-1.02888e-05	244.01674658682916
-1.02696e-05	244.07613879984262
-1.0250400000000001e-05	244.1353938155517
-1.02312e-05	244.19451173377283
-1.0212e-05	244.25349265374018
-1.01928e-05	244.31233667473646
-1.01736e-05	244.37104389492364
-1.01544e-05	244.42961441293292
-1.0135199999999999e-05	244.4880483266418
-1.0116e-05	244.5463457337279
-1.00968e-05	244.60450673111603
-1.00776e-05	244.66253141579054
-1.00584e-05	244.72041988427648
-1.0039199999999999e-05	244.77817223248243
-1.0019999999999999e-05	244.83578855611677
-1.00008e-05	244.89326895040008
-9.9816e-06	244.9506135102133
-9.9624e-06	245.00782233015013
-9.943199999999998e-06	245.06489550404513
-9.923999999999998e-06	245.12183312566705
-9.904799999999999e-06	245.1786352881666
-9.885599999999999e-06	245.23530208413789
-9.8664e-06	245.29183360611867
-9.847200000000001e-06	245.34822994572204
-9.828e-06	245.40449119442513
-9.8088e-06	245.46061744322984
-9.7896e-06	245.5166087822705
-9.7704e-06	245.572465301447
-9.7512e-06	245.6281870901649
-9.732e-06	245.68377423735325
-9.7128e-06	245.73922683071345
-9.6936e-06	245.79454495837953
-9.6744e-06	245.84972870703436
-9.6552e-06	245.90477816305165
-9.635999999999999e-06	245.95969341214928
-9.616799999999999e-06	246.01447453914068
-9.5976e-06	246.06912162829047
-9.5784e-06	246.12363476266341
-9.5592e-06	246.17801402509005
-9.539999999999998e-06	246.23225949682814
-9.520799999999999e-06	246.28637125865947
-9.501599999999999e-06	246.34034939035922
-9.4824e-06	246.39419397005983
-9.4632e-06	246.4479050754357
-9.444e-06	246.50148278228653
-9.424799999999998e-06	246.55492716533925
-9.405599999999999e-06	246.6082382980135
-9.3864e-06	246.6614162518635
-9.3672e-06	246.71446109717914
-9.348000000000001e-06	246.76737290187103
-9.3288e-06	246.8201517324528
-9.3096e-06	246.87279765294016
-9.2904e-06	246.92531072554968
-9.2712e-06	246.97769100944038
-9.252e-06	247.02993856161535
-9.232799999999999e-06	247.0820534361495
-9.2136e-06	247.13403568370197
-9.1944e-06	247.1858853521808
-9.1752e-06	247.23760248535316
-9.156e-06	247.28918712334746
-9.136799999999999e-06	247.34063930215154
-9.117599999999999e-06	247.3919590530923
-9.098399999999999e-06	247.44314640245605
-9.0792e-06	247.49420137139145
-9.06e-06	247.54512397516967
-9.0408e-06	247.5959142229149
-9.021599999999998e-06	247.64657211701945
-9.002399999999999e-06	247.69709765253128
-8.983199999999999e-06	247.7474908167132
-8.964e-06	247.79775158814832
-8.944800000000001e-06	247.84787993649797
-8.9256e-06	247.8978758211888
-8.9064e-06	247.94773919113
-8.8872e-06	247.997469983596
-8.868e-06	248.04706812350412
-8.8488e-06	248.09653352155755
-8.8296e-06	248.14586607491162
-8.8104e-06	248.1950656641366
-8.7912e-06	248.24413215335275
-8.772e-06	248.29306538808066
-8.7528e-06	248.3418651939918
-8.733599999999999e-06	248.3905313758933
-8.714399999999999e-06	248.43906371519523
-8.6952e-06	248.4874619687098
-8.676e-06	248.53572586674076
-8.6568e-06	248.58385511079814
-8.6376e-06	248.631849371384
-8.618399999999999e-06	248.67970828613107
-8.599199999999999e-06	248.72743145658714
-8.58e-06	248.77501844603398
-8.5608e-06	248.82246877632565
-8.5416e-06	248.86978192487348
-8.522399999999998e-06	248.9169573215355
-8.503199999999998e-06	248.96399434484076
-8.484e-06	249.01089231804687
-8.4648e-06	249.05765050587522
-8.445600000000001e-06	249.10426810895976
-8.4264e-06	249.15074426093855
-8.4072e-06	249.19707802154497
-8.388e-06	249.24326837304272
-8.3688e-06	249.28931421421723
-8.3496e-06	249.33521435389167
-8.330399999999999e-06	249.38096750509413
-8.3112e-06	249.4265722782829
-8.292e-06	249.47202717420433
-8.2728e-06	249.51733057625688
-8.2536e-06	249.56248074235828
-8.2344e-06	249.60747579613746
-8.215199999999999e-06	249.65231371865178
-8.195999999999999e-06	249.69699233766428
-8.1768e-06	249.74150931803464
-8.1576e-06	249.78586215055094
-8.1384e-06	249.8300481403161
-8.119199999999998e-06	249.87406439502345
-8.099999999999999e-06	249.91790781127796
-8.080799999999999e-06	249.96157506158428
-8.0616e-06	250.00506257911138
-8.042400000000001e-06	250.0483665427851
-8.0232e-06	250.09148286131295
-8.004e-06	250.13440715534398
-7.9848e-06	250.1771347397922
-7.9656e-06	250.21966060458695
-7.946399999999999e-06	250.26197939498107
-7.9272e-06	250.30408538920486
-7.908e-06	250.34597247732253
-7.8888e-06	250.3876341364522
-7.8696e-06	250.42906340683678
-7.850399999999999e-06	250.47025286494554
-7.831199999999999e-06	250.51119459640373
-7.812e-06	250.55188016672992
-7.7928e-06	250.59230059118318
-7.7736e-06	250.6324463022554
-7.7544e-06	250.67230711685278
-7.7352e-06	250.71187220034568
-7.716e-06	250.75113002997142
-7.696799999999999e-06	250.79006835621811
-7.677599999999999e-06	250.82867416182972
-7.6584e-06	250.8669336201222
-7.6392e-06	250.9048320489841
-7.62e-06	250.94235386595426
-7.600799999999999e-06	250.97948253901052
-7.5815999999999995e-06	251.01620053503024
-7.5624e-06	251.05248926780314
-7.543199999999999e-06	251.0883290420635
-7.5239999999999995e-06	251.1236989958723
-7.5048e-06	251.15857703961456
-7.485599999999999e-06	251.19293979455955
-7.4664e-06	251.2267625266679
-7.4472e-06	251.2600190780468
-7.428e-06	251.2926817974296
-7.4088e-06	251.32472146544018
-7.3895999999999995e-06	251.35610721846282
-7.3704e-06	251.38680646958522
-7.3512e-06	251.41678482580738
-7.3319999999999994e-06	251.44600600295075
-7.3128e-06	251.4744317364998
-7.293599999999999e-06	251.50202169060285
-7.274399999999999e-06	251.52873336250258
-7.2552e-06	251.55452198478181
-7.236e-06	251.5793404233737
-7.2168e-06	251.60313907298433
-7.1976e-06	251.62586574880586
-7.1784e-06	251.6474655739907
-7.1592e-06	251.66788086557438
-7.139999999999999e-06	251.6870510149972
-7.1208e-06	251.70491236565283
-7.1016e-06	251.72139808764766
-7.082399999999999e-06	251.7364380479788
-7.0631999999999996e-06	251.74995867784583
-7.043999999999999e-06	251.7618828355803
-7.024799999999999e-06	251.7721296672127
-7.0056e-06	251.7806144625957
-6.9864e-06	251.78724850829246
-6.9672e-06	251.79193893638234
-6.948e-06	251.79458857125456
-6.9288e-06	251.795095770967
-6.9096e-06	251.7933542672602
-6.890399999999999e-06	251.7892530007811
-6.8711999999999995e-06	251.78267595328313
-6.852e-06	251.773501977347
-6.832799999999999e-06	251.761604622223
-6.8135999999999994e-06	251.74685195728608
-6.7944000000000005e-06	251.72910639157962
-6.7752e-06	251.7082244922953
-6.756e-06	251.68405679813804
-6.7368e-06	251.6564476321756
-6.7176e-06	251.62523491169011
-6.6984e-06	251.5902499550506
-6.6791999999999995e-06	251.551317287124
-6.66e-06	251.50825444236037
-6.640799999999999e-06	251.46087176600295
-6.621599999999999e-06	251.4089722144295
-6.6024e-06	251.35235115227837
-6.583199999999999e-06	251.2907961506343
-6.564e-06	251.22408678168088
-6.5448000000000004e-06	251.1519944138855
-6.5256e-06	251.07428200632478
-6.5064e-06	250.990703902677
-6.4871999999999995e-06	250.9010056235776
-6.468e-06	250.80492366021156
-6.4488e-06	250.7021852687631
-6.429599999999999e-06	250.5925082622301
-6.4104e-06	250.47560080612897
-6.3912e-06	250.3511612132882
-6.371999999999999e-06	250.2188777388298
-6.3527999999999996e-06	250.07842837895527
-6.3336e-06	249.92948066859222
-6.3144e-06	249.77169148140888
-6.2952e-06	249.60470683236102
-6.276e-06	249.42816168114524
-6.2568e-06	249.2416797384135
-6.237599999999999e-06	249.04487327429018
-6.2184e-06	248.83734292866663
-6.1992e-06	248.61867752460205
-6.179999999999999e-06	248.38845388465094
-6.1607999999999995e-06	248.1462366489713
-6.1416e-06	247.89157809698835
-6.122399999999999e-06	247.62401797140356
-6.1032e-06	247.34308330567168
-6.084e-06	247.0482882534371
-6.0648e-06	246.73913392094465
-6.0456e-06	246.41510820282195
-6.0264e-06	246.0756856187827
-6.0072e-06	245.72032715362738
-5.988e-06	245.34848009963164
-5.9687999999999995e-06	244.95957789886336
-5.9496e-06	244.55303998887956
-5.930399999999999e-06	244.12827164752025
-5.911199999999999e-06	243.68466383930502
-5.892e-06	243.2215930605358
-5.8728e-06	242.73842118423553
-5.8536e-06	242.23449530294633
-5.8343999999999996e-06	241.70914756813391
-5.8152e-06	241.1616950280601
-5.796e-06	240.59143945825068
-5.7767999999999995e-06	239.99766718741682
-5.7576e-06	239.37964891580793
-5.7384e-06	238.73663952369336
-5.719199999999999e-06	238.0678778695181
-5.7e-06	237.37258657488226
-5.680799999999999e-06	236.6499717950241
-5.661599999999999e-06	235.89922296965509
-5.6424e-06	235.1195125574604
-5.6232e-06	234.30999574188522
-5.604e-06	233.4698101150217
-5.5848e-06	232.59807532745936
-5.5656e-06	231.6938927063394
-5.5464e-06	230.75634483004595
-5.527199999999999e-06	229.78449506227557
-5.508e-06	228.77738703324627
-5.4888e-06	227.73404406443075
-5.469599999999999e-06	226.65346852919026
-5.4503999999999995e-06	225.5346411399248
-5.431199999999999e-06	224.37652015627629
-5.412e-06	223.1780404982602
-5.3928e-06	221.93811275884553
-5.3736e-06	220.65562209823685
-5.3544e-06	219.32942700809568
-5.3352e-06	217.9583579284532
-5.316e-06	216.54121569784527
-5.2968e-06	215.07676981453358
-5.277599999999999e-06	213.56375648744068
-5.2583999999999995e-06	212.00087644571792
-5.2392e-06	210.38679247525843
-5.219999999999999e-06	208.72012664946254
-5.2008e-06	206.99945720413362
-5.1816000000000005e-06	205.22331501647548
-5.1624e-06	203.3901796243588
-5.1432e-06	201.49847472364408
-5.1239999999999996e-06	199.5465630649551
-5.1048e-06	197.53274065895582
-5.0856e-06	195.45523018508754
-5.0663999999999995e-06	193.312173475481
-5.0472e-06	191.10162292720932
-5.027999999999999e-06	188.8215316612056
-5.008799999999999e-06	186.46974221610196
-4.9896e-06	184.04397351930072
-4.9704e-06	181.54180582040843
-4.9512e-06	178.96066321027652
-4.932e-06	176.29779325636366
-4.9128e-06	173.55024317773288
-4.8936e-06	170.71483185037656
-4.8743999999999994e-06	167.78811673991498
-4.8552e-06	164.7663546365926
-4.836e-06	161.6454547543192
-4.816799999999999e-06	158.4209223463364
-4.7976e-06	155.08779044137327
-4.7784e-06	151.64053655943647
-4.759199999999999e-06	148.07298023905182
-4.74e-06	144.3781557721355
-4.7208e-06	140.5481525085906
-4.7016e-06	136.57391216132677
-4.6824e-06	132.444968216812
-4.6632e-06	128.14910607436633
-4.644e-06	123.67191255969337
-4.624799999999999e-06	118.99616768440384
-4.6056e-06	114.10100585806565
-4.5864e-06	108.96073045893868
-4.567199999999999e-06	103.54308967801266
-4.5479999999999995e-06	97.80668170535905
-4.528800000000001e-06	91.69688499586539
-4.5096e-06	85.13914158734256
-4.4904e-06	78.02713200372419
-4.4712e-06	70.20011226591771
-4.452e-06	61.394078796847495
-4.4328e-06	51.116449550573954
-4.4135999999999996e-06	38.212457755489126
-4.3944e-06	17.672821445810257
-4.3752e-06	3.405374010357028e-10
-4.3559999999999995e-06	-8.230724151588789e-11
-4.3368e-06	-4.660252125174415e-11
-4.317599999999999e-06	-2.1844038919083736e-11
-4.2984e-06	1.2149163005301748e-11
-4.2792000000000005e-06	-3.961854029610169e-12
-4.26e-06	5.388900824857759e-12
-4.2408e-06	-2.8707240012283277e-11
-4.2215999999999995e-06	-6.850508830337335e-12
-4.2024e-06	1.336258453537647e-11
-4.1832e-06	-1.1607558382931236e-11
-4.1639999999999994e-06	5.360989347861755e-12
-4.1448e-06	-9.513212780044526e-12
-4.1256e-06	1.1861093090325849e-11
-4.106399999999999e-06	-1.4031552745252299e-11
-4.0872e-06	2.06021241121887e-12
-4.068e-06	6.899621031116818e-12
-4.0488e-06	-1.822369271712497e-11
-4.0296e-06	-1.1089205910090278e-12
-4.0104e-06	6.290485937324671e-12
-3.9912e-06	-2.936571015691811e-12
-3.971999999999999e-06	-1.7241512321327806e-12
-3.9528e-06	3.718529811792295e-12
-3.9336e-06	-4.406826957885115e-12
-3.9144e-06	1.4310974851616148e-11
-3.8951999999999996e-06	2.2629615161973029e-13
-3.876e-06	-1.893781655181808e-12
-3.856799999999999e-06	-3.2959863827384947e-12
-3.8376e-06	3.914375853854867e-12
-3.8184e-06	3.5327937097182934e-12
-3.7991999999999996e-06	-6.614986025502741e-12
-3.78e-06	-1.3697839031471955e-12
-3.7608e-06	1.8182044794023605e-12
-3.7416e-06	-2.1401725712025083e-12
-3.7223999999999997e-06	-1.881233342665484e-13
-3.7031999999999995e-06	7.990784444354434e-12
